2352 12126 9436 19192 8257 1295 20813 27496 8765 19622 14818 30120 26615 23563 17727 26577 27968 10163 13425 29382 21478 9206 17473 1039 21210 24414 1309 19136 10969 1419 7399 27938 1504 14077 24209 21089 21799 17974 25339 22831 3783 28750 29327 20717 8079 16487 18263 17894 7183 2827 10103 16043 30745 10848 12596 17628 21349 2792 12847 13645 1127 31552 20921 2605 25197 21244 2098 27543 25151 30639 23872 18804 21294 1393 14292 3122 3113 1146 1981 19906 29433 31710 32468 14095 24082 20138 6809 8254 6494 22149 21874 8737 4277 29915 11596 1201 17453 24927 4905 27140 
17062 24727 19016 27990 8499 14323 14572 20163 22466 17462 7071 24476 9590 28875 29495 4388 20499 402 29542 13310 26377 20243 23669 17172 28628 24012 26165 25299 7266 29382 28049 32114 29743 21999 30797 28450 17527 4233 12513 11502 14864 17450 22619 27986 18256 32555 9192 28086 4510 10955 30330 9841 22949 16472 13317 21711 27762 28606 25895 3561 22067 7605 26148 498 14439 16799 18561 27770 23913 32510 24243 21870 14137 24108 8769 11051 5277 8309 22026 13518 6512 199 1562 11600 10416 9062 13253 32221 10504 1606 6089 3999 8306 14284 3794 24807 4282 4233 12244 11869 
6930 2446 15513 17565 10307 9667 13162 11255 1011 10237 31458 32603 21297 30581 31969 7262 8490 20679 24822 11324 21298 18625 22661 20856 6000 27506 28920 4796 7024 8271 14408 26221 30353 8924 13713 30043 29163 3245 31349 18012 3276 19705 3667 463 17881 17725 15255 12952 17820 18706 13478 4146 21249 13753 8260 32675 4941 13508 29440 27035 13337 21998 4923 3896 32269 10156 2070 30694 29858 10349 14413 31440 7950 29563 20092 15388 6062 832 32554 26364 11491 3527 25519 30571 16713 19352 32232 19827 11297 13001 6172 15334 21579 27880 31968 27990 25009 27264 10588 17292 
14554 25176 26174 6654 8175 29294 4496 13903 24554 4225 29556 11199 27871 13285 31832 14480 6189 28112 32545 573 19535 18879 830 26250 22286 18557 23607 16201 3013 32476 25357 27062 21378 15856 30546 22930 24387 23379 6519 24881 28682 26032 23738 22714 10870 23853 29094 14960 5411 31727 2783 29522 16575 4516 6750 18512 18558 28952 3390 17137 11599 15027 11030 3185 27393 4282 1414 3723 4260 13393 31484 15409 8499 10725 17520 933 14015 26104 25125 42 5820 19271 11504 15305 2229 26530 22459 21240 4855 27706 9953 4187 6455 31552 12591 3003 23981 1029 19641 15691 
17269 21445 7595 15462 8488 7323 31401 4522 15028 24126 14902 29523 18020 13691 30011 23207 28061 17036 26566 8479 12323 15865 4851 11561 1019 13604 16128 29748 5105 28847 23529 24278 22593 29225 20856 15132 3438 9683 29338 21052 14386 15984 30712 31830 12945 10939 22274 25031 6063 31847 4566 17553 14711 14645 15569 30227 30864 7202 27331 1950 31987 6187 5135 16178 13602 15405 1730 2415 3714 15374 7599 1560 10183 9094 22104 12489 19503 13504 26779 19903 18749 6656 6261 16660 6287 8259 31228 10987 9939 16600 19962 18683 11868 3162 3665 24269 32680 28133 29621 30943 
5791 19475 1912 13561 21846 16019 12114 23155 12430 7972 14610 12297 20296 17023 19305 12467 25104 2948 26759 21266 8280 9222 23755 14164 9226 29740 23114 4978 2070 1386 1496 4140 18026 14119 19489 30770 8059 9770 24883 32124 22954 26005 25740 10619 1132 19730 773 607 29794 25335 6233 8641 23379 7464 1388 8309 12307 12840 2774 22347 20871 6288 3651 383 29311 29560 10465 23669 27583 29375 17209 29550 23435 11970 21130 30564 27883 15167 12075 15782 17851 23947 24139 5806 29490 1900 1970 26291 4530 11807 22115 27774 26216 9410 30637 31354 19517 23799 25001 9592 
22711 17038 18953 7102 30070 5693 21886 26493 6850 31094 23090 22404 6592 31709 2548 30976 9826 29544 2995 10182 10563 16853 25161 28293 2703 23742 19577 20657 22017 14016 25944 19696 21635 26097 17583 22926 18858 17813 6029 13556 6964 11067 2667 29641 20801 1113 11348 30578 27625 13289 17792 24302 3143 9813 24392 20903 14794 8101 4431 4659 30852 30283 19367 885 7695 10610 23427 16009 13935 28935 4586 654 18447 30375 12918 489 4046 17547 3848 11534 13376 11888 17369 3639 16659 17431 15249 14337 8847 27744 13429 29875 5274 7560 16786 21722 15008 9885 25379 18103 
25562 26432 21139 16502 19918 2418 4579 13419 27107 7365 441 19801 5809 23218 4397 26674 16470 9059 29115 27079 25829 25958 16184 28057 23111 2517 20391 9243 23708 10207 19116 4462 31198 20468 23522 27472 22470 1238 14963 11907 19573 14654 9463 15378 7438 29238 27998 10341 30562 7260 9352 32625 16033 20131 9016 20027 23749 1833 1831 18623 4228 29925 31539 3235 7035 30180 25532 32350 28394 8859 22652 6380 933 24139 17603 27239 23013 21728 28908 6652 26011 19674 16204 11192 6060 21506 10091 11511 31577 285 11742 28033 15147 6671 31978 28596 11345 17238 7692 8155 
30658 5742 12633 26020 27292 15682 2850 6810 9725 16522 7231 3033 17177 25577 24832 25166 15894 22874 11600 23392 1561 7498 10927 12340 10259 13509 29922 22281 21232 14437 26411 14427 19356 11512 21584 3910 3748 19914 7796 7209 14241 30462 21712 32396 14873 8589 22881 5972 28609 20580 6820 10682 14832 23160 22283 12462 2010 23871 20843 25055 19287 5068 24194 31914 19405 31548 13640 251 4794 29580 25958 1748 30175 5215 21395 13933 30568 18196 26422 12110 29150 3320 10260 1528 26041 24028 11612 21710 2374 48 957 12687 8601 8914 6409 28868 28100 12637 10247 1831 
12676 26752 23179 13891 32741 27203 15313 26976 14629 20688 25106 21408 29905 3069 23951 12387 24883 31387 31004 11272 25173 31142 25469 8788 20168 31831 6565 14120 22933 22462 12193 7804 1983 9024 29550 5462 19930 9748 14642 19410 17079 3834 31635 22035 1155 4990 31518 6658 9640 17714 15752 31220 30460 5793 15681 4614 31983 16893 1858 13682 6692 16528 18426 19800 4681 10441 2272 24035 5283 15287 14966 30722 23789 1180 12496 24176 8510 32599 1605 26247 7142 25841 14556 11380 21183 15704 8854 28915 27741 23571 32284 3202 15878 29761 4914 23753 28888 20886 9464 2632 
350 5718 20574 2598 23716 98 7997 5978 3512 12640 28432 28304 13111 7451 13180 11447 303 30733 29629 16684 14851 18064 17189 11028 29637 31588 26117 9244 12155 8309 11615 30962 23566 4641 7441 3859 25920 24643 10337 31996 26345 9790 27184 31548 18229 5210 12692 25525 12819 9833 22641 24011 25260 7695 5626 15314 7902 13158 32497 6858 31059 24867 5325 15413 19710 11510 15808 25896 2948 290 326 29193 21958 14568 11270 3537 16751 6401 12803 1701 30855 8711 30145 10490 15484 27769 22793 5332 17073 15838 20765 30511 12635 18859 24175 29278 27831 15774 7174 20417 
11169 8934 10935 15444 27671 7911 29970 9190 28582 26956 10850 23016 4638 22967 6115 21778 7973 31551 22991 5627 31644 19908 11389 24424 8960 510 18634 30311 25908 17579 25040 11934 1976 3200 32162 26145 20117 28217 11484 9622 16791 20925 8522 31070 19386 17439 4149 22169 6325 9293 2305 4531 28712 14542 2853 485 31275 24432 28567 2643 13630 7606 24154 6514 7457 11465 28894 374 28112 23490 5985 7852 24548 11910 11232 2442 12318 13747 3743 22517 2254 32634 11407 4943 3066 855 13755 30990 7001 4832 26383 5334 31887 24764 27247 6241 22445 3723 9072 21563 
3156 1041 2340 27849 29981 15558 32625 18247 3360 32132 6561 22091 12262 6127 22549 11883 19486 25882 14702 4062 17100 3900 21049 18170 7052 24131 24967 17975 13630 28109 18171 565 26693 11617 25764 30982 26360 7812 22636 16933 4947 29725 25045 9408 10843 17430 32339 3138 2436 12043 16945 17581 5863 17619 13036 24135 195 6824 24986 21274 28272 3957 1382 3842 22541 22032 26610 9741 24478 3844 8162 31210 2823 32349 8118 10719 12873 31031 5935 25513 21588 12926 5357 2437 7360 15793 30753 26185 31469 11110 2996 9582 10709 24094 1700 23286 32583 7728 13045 24185 
23347 25987 5024 30023 2532 11228 3211 32645 31957 6995 7157 2273 18963 31422 12758 16086 24505 6357 29737 8529 11729 29982 10692 2718 11429 951 10098 25671 32620 22471 26607 28241 3408 22371 984 2315 12111 24997 8859 7911 18908 22964 15890 24235 9092 15820 28737 3775 14375 9276 20746 12814 19756 25693 949 19560 19431 1910 27986 28163 8935 25266 3249 14932 10181 7223 23730 24397 24284 20507 26694 10628 7247 6226 3771 9883 20353 19501 14963 9707 23116 12214 13456 5839 23506 31738 20510 11865 11268 17847 13214 29883 12444 1761 29139 30404 4743 6204 8514 8263 
15423 11577 1357 21511 28973 20787 15545 31228 1798 29377 12789 44 16533 8752 9085 8270 21740 23514 3221 4349 1501 1356 29288 12142 2366 6997 3158 18653 15279 7221 30833 23613 2048 14332 96 14417 11755 20769 24776 29885 7788 28714 7183 9827 10770 24057 16653 8541 28465 5332 17505 15796 2021 16740 25626 12107 19129 8331 25392 6074 14888 10049 22144 22968 4087 3702 7900 3201 9270 16205 5853 31620 868 25956 7 15139 9084 11136 1767 4808 4256 1905 8321 3234 9918 5224 16157 5841 13832 25699 21451 3204 23643 4335 12713 4086 8894 430 6097 18344 
28905 12791 20705 18223 19216 21546 18654 10893 32159 23350 20988 16387 27680 12654 23909 23732 3713 18681 11667 12422 9959 14426 25858 6512 15330 20102 16061 6412 7883 20297 21074 7097 26112 9154 2579 32428 19499 18824 9261 9479 26590 30898 19469 11852 24091 25126 27663 11082 23578 180 558 4363 840 8223 10182 28394 24065 29938 31793 32173 22068 25432 12812 9729 568 24175 15190 20734 24696 20122 15628 10502 26874 32135 28334 5532 30222 18269 8113 13636 17364 24864 10885 650 18096 31728 19780 7575 10192 14267 30149 16394 31676 1726 25629 6781 9963 32082 23638 31538 
6832 7843 29623 24860 17034 8641 14810 9920 2742 4953 9105 17681 24203 6077 29762 18233 8333 14098 14008 28631 21096 15760 22592 4121 8975 1809 23667 30839 7363 23710 3777 13602 29139 17526 26321 8027 12503 20570 20330 12136 9800 3500 16031 20213 17949 284 18572 26807 26508 28667 30393 1526 15231 15298 22010 8366 12407 9057 2018 28749 10976 9140 31027 27190 494 2363 15062 21545 8508 29298 11627 2482 14102 29232 19638 17544 17203 5668 6153 482 6864 16691 15112 30278 17528 3426 31032 19091 20481 6844 22848 277 26783 31609 15637 14837 16931 27244 5021 7095 
1353 29570 6737 915 11616 5751 28906 23593 9692 20257 2703 27096 30107 4894 11704 22849 31197 2940 14172 32135 21579 13317 19371 4790 18495 18523 11280 31272 26302 28011 19776 6743 16539 15548 17334 10575 14827 27858 29540 29566 5681 24285 1148 29560 26055 12829 9842 508 5562 8869 21026 5337 20921 31997 16363 29327 28854 981 17525 4533 10947 16469 11942 2213 439 11809 30309 10261 27375 3954 29904 13213 15499 23015 27637 17698 3278 7470 31657 5837 3710 29041 14843 10433 22408 1365 19635 7443 11354 2233 16594 29241 10576 26025 12831 12459 17243 1003 21276 1578 
4901 15809 13579 14756 11339 22601 31601 31900 20528 26444 30458 9723 16766 9838 6439 6224 32216 27676 28761 15827 15803 19423 29591 25132 9129 9459 28909 7092 25028 18271 19350 26650 9722 19306 3442 27892 8722 20198 27806 22879 12279 30786 1849 1612 2678 27179 294 5550 28211 28487 28920 19589 22091 11626 18412 4283 21955 27321 7604 2019 15568 20024 8177 32407 4767 13738 26288 21398 14507 24569 17616 29640 14288 5228 690 28816 27154 8929 28764 25629 11022 11133 3769 20967 20957 19988 21275 20963 25876 28697 9233 19458 10620 17039 22756 11647 32048 15575 25324 3755 
24138 921 1892 25844 2999 24415 29778 2635 31352 17473 75 17331 21236 22682 21787 27886 3547 5346 16877 13690 13081 31609 19812 15326 28952 22978 10134 14815 5652 27220 31502 30296 10258 14803 9471 690 329 29119 1294 4159 29057 7096 24960 3634 19425 16549 6731 505 32361 13540 6769 1123 13503 16392 30002 32484 30715 28803 32104 706 15410 31327 31992 14979 90 19394 29644 11790 16776 7570 113 22175 2778 18466 4457 21922 15777 17377 14483 30887 2166 10318 12294 30825 25603 6667 32428 18018 13618 22489 1430 3057 31903 25947 27560 9262 10210 10708 17917 31995 
13123 25953 17731 14017 4512 2387 23839 2849 5518 21100 17670 22461 22873 8038 21542 30043 13983 12191 32313 6486 31654 23574 22198 20889 11602 5751 27784 21297 1075 18078 25395 12837 20343 11932 6698 3472 18397 3201 14559 4863 7168 15904 10922 28431 17746 3726 15840 32156 274 14497 7778 22994 15539 12652 32451 29879 31785 16710 24109 20897 14070 32591 16189 26099 5659 2601 5813 11710 21590 8063 5359 17224 26886 6998 17719 9930 19017 24602 31089 4218 4425 18893 18146 16071 31741 12930 32256 30141 19232 9197 21737 6207 2116 15531 21226 31415 5816 25948 15837 27914 
18770 30582 4357 11134 11239 31999 15467 21403 12826 11763 16453 25415 31322 21912 6797 1790 23425 24114 3164 6410 2504 22680 4650 10567 22971 31596 16324 1013 18299 4416 7355 19054 3837 12591 25149 7098 12380 3442 18792 13638 20209 9833 26814 28683 8133 31664 1696 18125 14355 16313 30781 22577 26995 9174 27780 4575 32550 8117 1964 11302 20619 29376 26292 21975 20884 18535 11192 2217 2749 21832 16301 12859 28411 14607 13538 10857 23292 26493 9576 23242 7450 10942 16517 25292 1972 27110 11045 9776 21302 1508 29030 10378 11425 16675 4268 1630 30398 14098 29946 6057 
722 3285 20920 3490 22220 25631 15308 3430 32716 2700 14539 30031 7615 31187 21143 3444 26392 29777 19060 25556 23003 32124 17117 15263 32085 30495 21697 8700 18910 25387 31621 29 2075 9977 7604 5158 28330 12749 11810 12849 13313 13823 21655 16301 10285 3373 29015 19088 19239 13118 4358 22444 24695 13061 19507 5091 32455 30737 14231 541 1022 7702 8630 13586 25223 27434 11992 19531 999 6592 18094 23196 1594 22699 5701 17323 14770 4415 29997 2224 20962 12654 8730 23899 15402 24226 18727 16703 27091 15767 7265 12621 21667 20335 31908 13172 17747 10272 20280 6405 
19381 20495 29645 7735 23226 8732 28464 12437 403 27755 10747 15768 21887 32435 32183 1745 16052 24642 12597 9816 6733 2558 26116 19902 24683 27560 16689 8692 21181 30515 3516 24491 26043 26988 1278 9469 1070 13093 20242 32592 18444 31655 21559 31185 29186 18323 25474 17644 17635 325 13764 30733 1266 31195 26669 19444 29024 10424 25855 19979 32136 25273 13054 1385 26371 2841 13975 3569 1841 24694 10245 21765 28331 5260 19807 28743 8184 19083 27036 23616 10614 30235 16725 15792 29983 7896 31718 6430 24528 19259 15617 1574 4678 12465 26057 21638 26097 30076 11356 28767 
3436 17182 25837 22404 20705 10762 31711 9664 21382 2308 24242 14258 10330 12842 21986 6295 2801 21416 28212 23838 24644 2302 29075 20691 20241 15672 4455 30785 14157 17477 27792 7336 8442 25010 5714 7347 25473 21628 21881 10853 5915 32023 22949 24921 24093 3054 21782 30914 10850 8153 8223 25451 18087 19744 17624 26874 12963 12798 20972 32706 30586 19906 3855 4342 18505 30573 14993 27750 20454 23611 25164 4360 31536 21115 11469 9564 32368 12429 16987 10729 2331 26644 11375 5944 13549 20361 2295 17399 6336 13249 5751 22659 26298 21110 29999 21318 8621 15292 25954 28641 
29857 3359 13911 17778 4538 14249 23035 431 18812 23320 27853 21407 26692 12794 17215 24688 11990 18116 22525 6433 22342 22949 20054 30298 31889 1505 12140 12584 32131 8485 22787 26503 29307 16161 6555 20330 17431 23786 2251 2307 29898 10920 4071 29652 23901 23682 19030 25229 17557 18304 2905 4081 18791 7841 298 20673 12426 2968 15334 16573 7437 10163 14884 3266 509 26631 28788 27429 26081 21768 10566 26336 32546 12965 5148 29902 205 14982 24328 25828 4365 4040 19329 24187 28823 11324 20217 17141 13934 3881 6288 25515 19195 8044 7597 31438 8031 22518 21144 12493 
4595 32239 32618 20944 16591 27449 8124 339 6131 20456 5225 32264 21131 24467 9199 4968 17637 19154 19914 27720 20108 929 25067 27951 9335 18077 14780 27402 1271 31372 31213 21722 127 7180 30796 31528 28749 5882 17992 21984 11182 15996 12381 30841 14903 569 19836 1799 18189 5225 24519 7254 6262 20056 31383 32370 13466 22540 31873 12946 19786 7449 1792 22831 15541 1971 5855 4647 17544 32624 841 25545 14811 17292 2451 28853 11380 547 16584 27024 1272 6883 6441 11216 24177 14034 28825 28126 25306 6171 1308 24041 13359 18047 8012 23083 24982 14327 683 6565 
19275 6805 19486 31588 1872 27106 8049 22256 23229 20828 12961 21739 8095 25835 9442 17503 26162 18823 23971 25262 363 24703 18475 1560 24339 3465 3811 25862 3040 29138 23939 436 3701 2200 29883 32255 5312 18245 25007 2751 4484 11783 14149 20628 16643 2602 25636 5384 3506 6388 29689 4280 4111 4808 1243 11584 10915 12929 26683 2940 21392 15430 26050 16319 28711 13478 3718 7937 19264 28829 29544 25224 3693 21016 2969 32500 15954 14526 18178 23865 25369 26828 7410 6858 11382 28157 5398 25977 10355 1896 18223 25856 24556 1664 11557 15982 20671 10209 29161 536 
6482 22963 20276 12337 6280 20413 30006 16504 4117 1687 6554 9334 5577 18792 4116 11464 8788 6123 15847 31699 16734 15035 21902 3064 17212 2658 8 16155 24966 26173 21055 7261 8630 17369 31177 3928 6318 17158 31296 13205 2525 28655 249 6233 19746 15259 21913 27823 31465 4761 21224 8088 11850 25235 16699 11369 18184 1674 17033 32085 18308 8463 7000 145 20230 21355 27000 2020 10247 26732 505 19547 8386 18439 4389 25982 166 3599 4527 11785 21141 15085 20048 19709 229 15339 1531 24955 19123 15560 14696 10487 3600 25377 32207 21932 17100 3487 25256 16186 
9447 6321 16209 22775 31957 3386 1722 31000 21027 20523 30951 4078 4550 5704 31857 9736 31993 6480 7615 12206 13950 516 19406 7771 20311 1664 20392 5362 6361 24049 7562 24783 3976 28334 20442 12744 26045 32266 11112 1892 19983 27291 32409 28737 21174 680 24061 8253 4465 8966 4077 21014 12731 11201 21219 8759 29246 10090 30412 7160 11153 11056 8814 20018 115 17020 19846 25024 25692 534 595 21378 29534 14545 4786 22102 32683 10230 6074 17739 7701 24815 31203 23741 2570 29049 25172 19340 29931 27127 32063 7547 2442 5145 20460 25299 3228 2022 1255 2402 
20397 22031 25423 3660 28289 11705 13234 17767 27331 2032 992 15847 13422 15351 30839 13872 32721 20847 12953 27576 12278 29123 1568 29794 8487 30486 13347 533 13476 22828 28885 25723 24109 14055 7188 24806 19057 11127 19629 6124 9968 885 956 9387 20304 3094 10585 12620 7007 17521 12464 21984 13090 14468 12246 18687 15841 30863 5862 18561 3257 16590 16044 14071 4860 28769 7130 25478 20941 1557 12380 32384 27331 13896 909 19903 10453 6364 26319 23461 8365 16761 12086 3153 21712 14906 12183 14395 21763 28575 30158 13431 14220 17981 21746 2889 749 21736 8928 27282 
30969 9593 27784 29506 18889 15931 22503 23427 28667 6031 31536 11003 27385 24449 14930 17868 19849 21045 14499 11144 14785 9471 6299 15591 188 12665 1124 3396 14831 11880 24439 20346 24942 32010 1018 15786 25759 12281 10153 29770 3703 4093 25194 28239 15655 22404 8654 30144 21557 18081 16941 10628 18236 21211 16493 7432 5696 7860 18073 22676 6766 20011 4195 3897 5247 23595 25521 4170 21236 28041 28246 4602 32521 19585 29970 29021 21925 8604 1871 8596 25471 9131 22548 26099 19561 3040 9062 5278 4713 26394 30534 27768 5191 4999 10929 29180 17164 30269 31020 10803 
5568 1943 11868 1900 15268 25019 22234 10231 8730 30366 10049 22096 23261 2200 4287 486 12522 18678 19449 4484 10957 23630 8588 28635 26513 23453 587 13362 17883 10231 18832 24907 10695 29634 3777 8208 4028 20861 17945 23737 10682 13443 18223 4970 31655 22985 7027 6791 25770 3110 4257 29730 20170 21792 2130 26532 29551 14397 4950 19833 20089 10541 19634 19295 12954 12541 21448 30527 22292 2962 25296 31446 20581 13460 6736 13037 6412 16008 22114 32109 5744 31850 28721 23445 30989 4021 17920 2097 32100 24729 30596 22134 4465 15438 18650 24897 6107 6081 6062 7978 
22016 26684 17878 3198 10204 15101 28061 30874 3843 13050 134 29540 9275 4315 899 20558 30194 25799 4057 30692 7544 736 1791 13630 6783 6226 6664 5275 27591 11959 13030 3799 4837 2545 5176 23856 17732 18764 25049 7231 5592 10432 4069 22702 5418 12419 10805 27273 26823 23146 9045 28264 31144 31210 22432 23776 19930 13507 31570 13529 31717 6831 20711 29763 28326 5214 9953 7315 1432 23395 19748 20895 27699 3682 4903 150 32707 15520 3288 21863 4495 19696 31593 29174 16987 950 15807 17504 8082 25661 27405 16116 31358 30969 22019 16530 29583 24059 18671 17481 
189 24030 1257 13610 27178 16792 23643 29608 7893 30121 29040 2457 13796 14053 13580 20771 19737 30222 21362 17012 3083 4169 17945 8462 23270 8818 5809 12095 13412 20360 18223 11949 19245 7257 27108 32447 20271 28050 13410 13611 170 149 5405 22022 5710 31147 10919 7585 24274 26365 16981 16764 7749 27508 31531 30790 2064 14068 5466 22377 1356 6822 13469 30928 19025 3672 13956 2484 8141 26362 20658 6824 20852 10602 15839 21070 12316 4667 27703 3806 22936 7294 3610 14693 8122 2076 24238 20837 1023 16075 8068 9858 6875 5157 24118 22419 11551 10306 6741 1481 
12673 11828 30760 8844 25012 6999 30835 32689 16429 13283 19035 15893 29585 11352 3364 14987 20354 21021 8849 26653 21735 2849 9317 28135 23682 19955 15721 25900 3528 20661 12933 21290 17973 4488 7132 12780 20173 32251 6806 22445 3984 10316 22725 22511 15851 27817 20843 3099 8432 11172 7937 50 4098 12504 18410 16367 5787 9348 1837 17695 25639 13591 19123 1948 7078 18916 16556 10755 19050 25803 1510 30524 26119 26744 24828 26753 27858 17669 22706 1652 32364 25534 13561 8470 26734 10651 17139 24413 10988 14219 18677 27294 32285 22083 22492 10009 5385 2464 2506 18418 
25781 21273 13991 26303 8266 17781 20497 31193 11681 6181 4384 8177 19129 3449 21976 16482 15649 6489 15900 30431 1187 19214 30568 15670 17330 27292 24029 11937 9616 12566 1218 13343 3652 5225 11803 9010 15110 23451 31837 25487 9097 7251 288 19496 15936 5678 26301 13857 32238 12446 17358 32342 14662 26232 25319 13367 10846 27083 12138 26813 20987 26517 29020 14818 20801 29601 24398 21673 28058 13727 16868 14554 11886 27152 1267 25066 4147 12315 24034 24864 5981 2057 29305 19018 11676 23215 25892 13911 6083 7932 7064 1669 6719 15220 18873 19980 20214 2409 8637 1039 
17699 12769 13027 26466 16213 10671 26108 28674 17440 23187 11974 11750 12242 21460 9495 248 23763 11013 19132 28060 14078 10233 11751 8581 13240 12816 23034 27462 6174 19415 24632 14911 12305 22777 32722 4502 1133 1759 11500 18160 10586 23644 18029 891 16962 31670 9496 26267 19306 29363 3273 31962 29872 487 3543 2403 4946 23951 2990 21507 1792 27691 8995 2056 32480 31411 8973 16347 8688 28275 19204 30539 2975 16128 32485 23950 6526 26517 20796 3568 10511 26681 25043 29257 5620 9604 22896 15692 7477 8593 587 8175 4666 30008 23580 10649 18612 23166 4079 10333 
15067 25271 25728 18864 28170 9700 31382 838 5824 21893 5005 11997 2893 7181 810 13816 30617 28147 4550 21675 17481 16427 2338 24814 15019 18635 30919 15886 11881 2237 11950 28603 23424 2885 27264 32481 29257 9698 4365 10131 6136 8983 1189 25370 17074 16092 26335 29914 5391 11517 18926 20387 7667 14572 17020 1690 25139 4687 16248 149 2286 11550 31017 20871 21636 28170 21351 5030 20263 22774 28228 18083 24595 21258 13305 14565 3149 19903 14483 31016 24176 28872 10207 29204 32055 8882 27687 7266 30211 18279 20605 6915 827 12744 2102 4081 20900 7194 26053 19926 
5840 10630 26244 31736 26842 25067 17731 5316 32646 32158 7025 12907 902 23258 31035 23696 27647 23495 3808 13929 23439 14029 21217 15170 13971 26408 1863 9124 23736 13871 2287 671 44 7205 6026 16198 3541 18678 21284 3866 23824 22558 12398 22263 26352 21388 16830 10658 3301 29206 11426 28253 27373 27979 27165 3186 5984 317 16668 21078 3682 16935 28490 25188 7313 32264 5745 25955 21797 3739 21163 6678 13060 25663 25094 1096 20652 28779 5220 14274 2529 8711 29137 5488 26201 3902 5028 17004 32445 27944 4605 20062 21002 16293 24849 10813 176 23231 10112 23993 
22863 32559 21389 10171 7660 3966 522 26249 3019 16805 10286 14491 25842 4047 7237 26852 13537 25799 31064 31149 17249 27222 8787 7287 25237 3091 30512 13274 26492 23002 5478 17723 27348 9811 22851 10311 21691 21844 17513 1368 16383 32754 21425 28073 9565 29512 32515 29302 935 30367 11854 1711 6973 25127 1169 27173 953 16200 14700 10286 32657 10410 19252 8404 6579 254 12468 8266 23417 29003 11012 16279 6529 25019 3788 8673 3549 14625 27602 4207 27656 16657 3508 12804 3514 23364 23531 18436 4344 4951 466 18065 23110 5357 20547 30141 21896 18774 1419 17845 
27749 12137 25278 6490 21308 30586 4879 5433 6485 29445 14134 18921 24629 9414 8042 22471 14360 23161 16726 14266 15173 6139 8359 4795 19986 17551 15385 22209 29472 1333 20572 22029 22375 25689 13362 4533 18429 12773 4826 5346 31938 22321 2528 15553 21161 2945 28648 29559 15586 22352 4382 8749 17245 3598 17236 24496 21725 21747 32492 17020 23934 25543 27406 21280 9333 28545 7851 11518 9045 7839 20068 29347 20641 7799 25506 4998 29662 30155 29523 9488 30606 25250 22162 6985 14402 17553 21331 15817 31105 22632 18868 13252 26135 10845 3874 1649 4719 21388 6609 4253 
26463 3843 25647 30207 24864 5788 9138 70 22146 19767 5219 12521 4718 21170 19923 6842 16864 5251 2823 22052 8768 8446 16914 7872 19115 20625 3367 20907 13870 19758 11102 6586 31017 2648 6387 16019 3363 2246 30442 884 30250 19415 4133 3230 27736 6254 26238 23223 4607 27247 47 30617 25219 19256 5349 12732 10221 1950 2396 10350 23764 12055 28248 18654 15808 6739 19948 11769 15338 29892 6689 12216 5514 27368 28716 1563 25594 31204 10751 18423 6 12135 4006 28445 22567 31353 32198 5798 16181 8140 12697 14020 12962 8047 21843 21915 18385 14529 9002 29066 
9395 15201 3396 27951 23221 29793 16523 28622 23270 8495 29011 1111 30645 16405 10242 17201 15300 9365 29440 20867 26451 27714 22599 21318 23585 2993 13312 29972 28126 9656 23308 9945 24920 413 19377 7007 31833 27184 10823 5467 10877 10620 10478 11034 26431 6992 21261 12663 7713 2061 14533 26667 30264 4549 21548 28661 8428 24034 32152 18353 4989 2381 19499 26269 24060 29955 9183 23677 20033 15970 20712 7820 25886 29049 16635 667 28413 1535 23726 10544 14607 25225 16923 9940 25981 30316 2535 11661 30823 21944 27392 9021 23506 15024 17695 23867 23141 13939 17868 20615 
25409 6541 19178 20879 25919 30173 24682 9573 11195 29815 15790 14456 6566 24009 30709 21371 25059 26043 16502 21396 4726 7306 30388 8430 8221 18249 270 1065 15073 6987 25500 23989 28284 1518 13801 8001 15890 12016 27254 3505 26766 2315 22413 27744 30242 23836 2758 1994 4200 22167 13525 16101 13636 3724 30909 19387 22758 4141 1998 6290 284 13065 10509 32493 17124 16624 30610 15541 5693 26663 21611 11967 9913 11906 24609 26267 28407 794 22094 1769 307 31945 564 15143 28030 9882 10699 21768 11026 11091 15369 4495 22020 26397 7899 19761 24422 5795 12374 21747 
31924 26323 24573 15952 27300 21165 19870 17934 6382 19383 5089 26732 16068 11898 16968 12302 15676 2149 341 18626 22025 22420 14488 18385 5038 3166 30974 19216 24861 26226 16687 31665 7247 26437 8008 2045 28371 21639 24417 19925 22657 26474 21309 22537 28913 13113 1709 6572 25783 30186 1280 9852 17945 10037 11784 23048 27015 8599 30082 21722 20825 16062 11018 31560 31177 13099 573 3800 22273 18920 1597 8650 1873 23992 29150 7713 24339 1074 7270 7458 15576 19366 14636 19785 9200 22826 28685 18495 32246 6542 29008 27454 22056 32339 28768 16896 9552 14783 23577 12604 
23245 27773 25672 20072 5589 7795 1151 27388 5334 17981 5616 21667 1176 20650 18910 22388 22698 10168 26800 30236 18267 14367 25174 8809 15235 27354 4414 20108 17163 1854 21012 23621 6152 614 28441 6452 26947 29751 18689 15644 9973 14202 6178 23405 31705 8541 26033 25324 24474 12654 30064 11234 27103 16370 15367 27566 26682 8407 11492 9640 17159 13714 11962 22325 2769 12755 4317 10484 4184 30279 14184 11898 18030 18545 28090 4335 16033 17062 12122 20439 27967 26537 18494 2204 25595 3019 13763 11523 16006 6613 5161 13144 14052 17848 15207 23199 24472 22801 7210 29221 
2859 27678 1559 20812 8285 28543 3598 4305 24543 17501 15612 5166 32557 23338 4504 13068 24047 8923 7654 14216 23235 17016 27376 14218 32696 5596 3045 13790 20225 12015 7664 30922 16385 9243 27377 15601 23770 6642 4404 16587 23541 16462 27414 9265 9163 23466 3777 20044 8617 21910 31770 8651 3048 29410 2776 23566 14514 27413 11149 10661 7184 14321 11110 3648 27361 2238 10992 30344 17591 31710 4829 17734 24953 11022 25252 26957 12236 28799 9227 1499 21438 10810 730 25480 31354 23892 9796 23448 11483 1178 12880 28055 22710 7144 17835 30187 5408 26491 7007 32604 
22635 16252 23395 32235 2897 24599 14411 1834 11741 25297 21125 32199 13579 19051 4757 32724 3664 20982 10061 4167 26363 8232 32112 29446 12420 18500 5212 3594 9309 9833 6139 27538 4910 12960 14071 28970 15888 10779 4486 14191 29146 10618 3639 21268 5426 6230 27624 24758 18142 28435 20446 29862 298 11899 21125 7574 2424 23945 30672 18180 23357 28541 4852 21557 30728 7783 4584 9642 23810 21551 1855 12597 21415 7865 12417 12120 29159 19665 18660 27023 15894 5140 16130 17430 1979 31403 7597 29629 20596 23581 8632 11440 30695 7465 14571 31503 7669 16748 12993 26406 
7271 17150 4285 11793 18330 31441 30299 29469 22010 10200 4862 29660 25428 19717 3203 6574 20236 29586 12560 27313 20180 3432 31901 28510 22205 12994 21347 3584 30442 3014 8885 15801 29081 15196 2855 2116 10573 27141 14279 3229 27648 12387 4172 20963 25428 25663 17777 2269 2429 12192 5804 1916 27389 31211 26734 10274 20813 13569 18042 24649 21961 1802 26178 17226 31734 31957 30516 17724 25672 28492 12664 8259 9523 16677 13637 32159 17946 7432 30380 8542 5689 12391 18971 24367 20113 13295 25526 13510 17840 16634 29102 32123 5173 25869 32472 8429 31064 2345 12123 4351 
16863 17836 1357 16407 13310 18692 30125 25371 22322 25329 7480 25325 22855 7132 24255 31302 30927 8238 22238 19141 9451 2646 31875 22842 13121 18489 5481 16482 11141 3335 19084 31284 16542 22380 7344 6483 13504 22600 20190 26761 31583 7435 21072 9366 20955 14611 26255 25523 16113 17120 8502 16978 4303 27007 18181 21985 28612 10799 23984 4649 2718 31651 11980 11343 21764 2856 10079 11418 6376 3324 30370 19484 1475 9497 30360 24057 15563 18238 7887 17339 12793 22873 26581 20281 301 11568 10573 13137 29888 23011 1241 28904 1407 15514 27087 11719 2789 288 883 23375 
21596 9325 26250 7303 14485 22632 7748 4439 7871 14893 12153 16583 21426 13975 19728 10235 787 19399 23375 23065 3289 28500 30706 909 14959 9712 26331 29594 22043 16075 27511 22317 68 6081 26118 8357 24856 3906 32669 9802 26690 25544 17455 24155 24772 12261 19736 27929 31921 17255 26140 31985 27115 2123 16059 13344 29434 7803 2184 21914 31897 32374 27971 6396 2592 19018 1863 2950 12091 31172 25291 29139 25936 11673 10403 12501 25131 21283 19424 24387 28148 3879 6565 8658 13344 24776 32354 3232 17892 11875 20123 26174 223 6799 9993 11264 26096 28813 24230 24224 
23173 10669 14741 23263 23809 28095 6666 11138 11433 29067 23839 7405 1088 16628 20422 12046 27064 4444 17507 13720 588 28354 9854 22066 22287 2805 21225 29381 23430 14463 17428 11562 22271 7081 13247 24910 17741 17352 5677 4104 925 24125 11738 5211 25675 12177 17580 27359 12560 32109 16009 21572 26652 9215 24910 19519 2241 29629 3921 8431 30977 19692 19004 7542 16840 28635 10646 11670 8021 6401 15365 9101 22148 14367 21663 11617 25983 18647 30523 9592 5124 23689 16055 4672 8484 7641 7668 31675 8458 16146 11826 30323 425 32054 21811 21084 12465 32658 23098 16030 
4421 23623 553 13978 31684 14463 22143 18055 11524 11814 17634 22711 7158 26164 23730 5834 2515 6992 5119 8988 28763 7565 3284 18574 31534 9623 11331 10175 17382 23484 8289 32660 1425 15760 32502 7215 2089 23308 1333 12420 2305 25107 30000 6526 24528 5315 7564 9324 29055 27128 23522 4026 27053 21247 13254 183 13063 20700 31698 29636 7228 2539 13425 6230 23710 28425 15697 25636 22460 23002 16458 12174 9516 26475 11410 4447 6234 11269 17119 11964 18397 27619 22218 1588 19878 11406 30716 14694 2565 12091 13718 31379 13012 15350 15268 18811 20864 30551 24037 3894 
12199 28866 32749 9000 4693 4495 11576 7660 20628 29099 13571 27317 11052 5231 22750 18609 12891 29979 6930 8052 19318 24550 17744 28029 18778 10093 17442 28794 13311 2681 2628 6814 20204 2531 3260 9285 11238 28638 22284 25780 1656 5767 17795 9381 20513 10341 27120 11144 21181 21074 10849 1448 8176 11372 8367 9110 6863 20954 9264 8478 13517 17940 14758 8797 9351 17421 3417 2302 20578 5533 25610 31984 7571 31543 30118 2031 7996 23069 16450 13804 13327 1059 4143 23832 14671 19152 10665 21970 12777 12658 23413 10488 31641 18702 12272 6990 17223 19983 22695 5956 
14410 26157 21449 22463 12333 9702 20717 3874 5463 16771 705 26299 31137 32746 13276 7828 22966 30102 14350 14881 16224 4334 10749 16635 14192 3244 17139 23929 22703 267 9455 2456 15517 24111 16809 6029 19114 16207 6929 941 17362 10680 10795 32228 30860 7374 10521 24737 26586 18786 5988 31502 30557 25671 2895 6952 5327 2604 18510 26413 1315 22602 10900 32275 29179 25106 17367 11085 27306 9385 3800 18939 29733 4200 575 943 27326 1711 32121 17508 26420 7373 6947 21167 11983 24457 14737 5067 31123 6921 27453 27473 10489 21824 21270 21074 14066 2237 1449 28140 
9919 17170 772 5008 20622 6424 14762 30169 11033 20068 1031 23992 31791 16365 14439 19580 11787 16465 10427 27571 29077 14347 9095 4537 25219 29986 30647 21734 15999 4072 16665 2788 17685 24197 4734 4416 13593 28097 12543 17583 6361 16400 22226 16921 17058 8241 26292 2673 7971 3662 21846 7314 6681 30846 22586 17770 8851 11720 25568 3783 12471 21468 29891 31597 32237 17547 14606 3930 9943 31715 10468 18458 11962 26545 22109 10874 807 24558 4800 31989 21938 17024 28286 16341 30380 7378 25032 21380 20397 12936 31026 20331 16242 25234 17910 3669 10151 11345 15745 3436 
15335 30292 1542 12414 21670 20899 13103 26616 31033 30096 14397 26362 22960 21071 31846 20867 14929 26472 26203 12757 12642 16918 12304 7320 16677 23513 22435 1382 11018 12278 21235 3457 10394 16053 3730 5264 15865 6261 21018 29037 7661 10686 22993 9751 12333 21396 23402 838 15678 15594 7789 1746 18688 22575 17283 8490 5812 29358 113 26153 6699 741 6075 2561 4862 32534 32644 32592 28835 16477 167 1760 5185 4583 4706 14752 12226 30749 29056 29922 23203 24709 24701 1811 30500 29925 26605 25771 28126 2811 26082 18850 11329 24466 22271 9119 6252 4405 11963 2267 
31676 24400 3876 15074 31716 19391 11845 10943 5614 2295 27937 2340 8243 1787 1741 2942 31688 31475 3051 15096 8113 10702 29882 14990 9625 22437 13578 11361 1320 28125 19815 13665 4729 20303 15787 7306 12511 15560 11504 32600 32126 23245 12983 912 16641 26174 17434 26706 8251 30702 30043 8653 12274 8288 7166 15694 18400 21699 17152 15977 2819 27516 22497 20740 2857 3161 31937 11581 28952 16793 21490 22232 13707 20743 6284 1507 32627 4269 20837 2855 11736 11024 17422 28150 32135 25014 17770 21250 15695 8190 22079 22616 29099 7873 20253 9762 10593 11073 19523 3978 
3436 19014 4993 9544 3516 11658 8250 30821 14304 16210 11533 19033 24085 32130 314 13878 26546 3172 3833 22403 31333 7521 4002 4139 543 25961 19582 30569 22209 22721 7956 5482 13036 10907 7486 29883 6361 22041 22302 11416 19752 22950 27183 6171 17535 20776 15829 1116 5843 13349 17359 12355 12333 26473 32072 14867 15769 28281 1872 27346 21037 5881 10775 29559 11853 13013 15343 32267 14097 7982 11891 13928 9525 27619 22483 16687 17054 21965 29 21715 32195 17693 23061 30221 1363 1101 22329 12860 24623 25252 29015 2127 4043 21878 25861 26502 4588 5314 9414 12763 
28692 29286 30317 27086 2580 9775 16031 17899 17048 8266 27732 5975 25977 18474 22900 11282 31969 19858 2761 24572 20033 17250 300 21200 10271 14888 29050 27736 3624 18391 28239 22305 7819 22825 13765 9950 26373 14412 18677 28706 2906 26162 2815 29988 28731 377 22070 3388 22744 6723 2061 23003 21054 8204 21366 19904 30632 18266 12437 15112 14463 12608 25737 3390 2242 16571 9359 22932 17207 6098 28660 1195 32002 25540 30321 23245 27586 26605 26310 14314 2253 3026 30472 7543 22400 4745 30368 15526 20696 1071 25947 9278 9631 15264 10018 18960 32666 9419 24831 8163 
24309 12918 19127 1106 18269 3023 21811 10165 175 14509 11449 5576 1601 1985 6936 26854 5601 15578 30645 31754 1878 32405 31141 6911 22660 16687 2782 6282 6503 17473 7532 28595 1719 11413 17262 949 14704 5796 5426 16761 26106 31292 31094 9380 21383 31890 6955 1893 17420 20337 25273 8556 10130 28744 23665 28318 30790 2844 12536 27094 16707 22802 971 22726 28402 13511 14726 23194 3363 13011 17292 2302 24835 14431 31943 19001 9474 10324 2586 7969 20947 19546 7996 28 3923 22155 22961 693 30762 12550 24012 4760 5933 25381 19430 32278 23432 13573 559 16568 
1263 14360 9499 2295 3221 19450 19619 8212 17564 5997 15692 4346 27695 14192 20603 5141 19377 22786 7059 21662 1676 18330 6568 32551 18880 5365 2383 22911 970 9820 11576 11882 24185 32602 10355 3339 10855 10527 28786 29820 22050 20119 22929 10272 10523 1714 15019 4483 1519 25716 5495 14687 28781 11675 29862 29464 26377 20577 2633 32497 15010 27060 19809 26419 3631 19700 5584 6637 26134 30176 7656 14207 16962 10065 29844 17544 32004 31218 30034 28888 30668 5545 9482 29988 19395 3996 2875 13734 1692 1833 8465 2106 864 31369 10729 9600 3754 4572 2630 831 
5411 21153 11877 27627 1133 10686 13924 25242 24815 2640 16755 19840 24607 200 31199 26521 1574 21959 12985 24198 18814 19903 5256 29428 13989 11324 4325 19565 16745 17482 31099 16798 7733 3228 29325 5742 27123 21144 2952 30145 17011 1733 13184 1444 18084 12717 8346 25895 30172 4881 30148 17254 1552 31964 24758 30319 8216 9632 14065 24307 19599 2936 16343 8559 17298 12060 30617 30399 16370 13433 10869 31235 1313 31294 3552 26657 12129 4581 32745 25112 7238 21955 17170 27208 16881 23675 21091 18032 25049 27517 10397 17015 26201 8260 1356 17669 2391 20319 13008 31178 
24519 1525 30319 22066 21905 2127 14711 14738 14679 4732 1849 3271 3951 13218 3635 31452 16614 6779 1101 23861 12210 7248 4738 20057 96 15139 26300 26338 14998 16100 2240 27271 8463 26177 28530 4846 10309 27302 9633 8498 21166 18539 2675 21270 20601 3583 11062 17895 17645 20883 11400 6064 8470 23776 27750 12925 12752 14302 25341 13150 6888 6203 20461 11317 24352 1643 13223 12882 13615 20872 14985 18172 29272 13430 24056 2476 4275 111 18567 28453 20513 18919 15100 10901 4727 31076 12553 6061 12355 22995 15506 1613 20821 17184 27927 4782 32030 21638 9773 25918 
10605 14143 31016 20387 21785 1682 13260 1346 14422 10916 18071 19881 22214 20396 10354 14438 17416 19706 12465 5719 26782 11122 4791 5957 5687 28190 1624 19470 829 7966 7271 24893 1809 29717 26877 24123 25980 27782 6057 9190 27086 4441 15684 32139 1246 6103 5917 27674 23582 3224 29027 26153 125 11726 30873 2001 13783 24484 24750 6585 31850 16864 17988 9228 17249 24394 20941 22718 29403 30448 13438 22973 4088 8321 23774 9636 8681 17391 21271 7256 4602 13999 29729 7517 23957 22976 27691 29369 11724 16034 1171 1841 10706 11956 8186 28271 26591 32152 27528 31221 
18512 13604 22634 3061 30992 31575 22850 1106 26883 19328 9678 30521 15016 11529 11470 11297 12164 19262 19522 11510 5679 3499 9508 23398 22436 20056 667 19185 17712 24647 18007 3839 32202 22427 12790 2668 4755 15744 20429 7598 18036 27942 10766 14620 7516 11366 32462 20224 27149 15374 20114 12527 4117 689 1276 6868 12241 15193 14669 7532 15692 26000 30708 10205 29969 30334 16006 12512 12897 26117 18716 27466 14364 9736 249 9365 18111 11099 24983 32366 12978 26 21454 30716 16233 19187 14184 14723 5273 14803 4776 16855 7111 30779 8803 32705 6602 7741 2117 28216 
24912 5526 24664 18767 23588 9289 2301 13874 20422 17323 15776 11943 24708 7129 1552 4794 24887 1454 31185 4817 4592 16760 8294 316 28613 5152 1628 28531 16119 28520 7443 14250 26277 8125 30163 26809 22603 24893 780 20780 14249 28127 25346 29429 16162 19331 18865 728 20829 31350 5957 25889 7906 21942 20965 25549 18145 25213 10859 18023 5151 27610 98 27694 26672 4545 16471 11561 28392 16690 26723 12122 15775 19552 4528 27890 19585 10198 9704 2339 2503 27375 25500 27280 21604 26106 24351 10399 22240 26666 1813 28892 1929 16549 25483 10402 7821 8522 15368 26663 
14612 12482 5658 23491 17656 26042 2193 22749 3254 4913 18620 3367 5860 7249 10767 11177 2853 14169 19200 19771 28593 7812 23270 25666 9147 28685 23289 10333 15957 4017 5859 25197 32585 30263 25819 27847 1278 1954 27209 21163 11543 8345 5856 17189 13449 8142 2161 17625 15178 28145 19730 30247 11417 21208 17707 8287 23625 28873 8469 8531 9229 13059 25408 2350 4398 9141 19267 10048 21957 1991 8557 28644 12948 4700 1716 32197 30788 27128 18119 6367 10352 12098 19623 7850 6051 23661 18369 12696 28780 5489 29951 31574 3134 7874 11533 16742 23468 4212 417 27713 
22774 16542 4530 25576 15257 5818 12979 12210 2647 24152 23228 27567 26969 5119 29132 20543 8819 32324 20557 14445 12973 8449 4165 1871 9039 4811 17527 4605 6394 4917 25139 15845 28893 7167 9914 11515 6734 11512 14434 9713 4763 15654 332 20284 3514 6678 26417 5510 1483 17966 6678 11791 648 23474 25295 6819 4939 794 10903 38 24859 9969 7395 28399 13285 13568 26066 15594 28775 11001 12953 30563 32025 16699 20627 12676 5110 4207 9097 3525 20138 21775 21226 8636 30748 5413 31888 2473 14288 9574 26093 8406 17551 883 10160 1185 15591 12902 5879 26550 
19328 16668 24760 10224 30475 13021 4981 15106 2155 23116 32195 1182 22750 14406 6389 10514 7527 18497 31512 21311 52 24596 9571 6930 25381 13654 4663 17375 29105 3931 31870 25333 12426 8621 23155 16314 14643 31399 1505 22489 7275 1435 6003 22257 16603 18576 13515 10100 30096 17998 23147 30894 14390 23848 3486 7469 16835 29067 15837 14623 18666 24720 20366 28432 29517 23297 21854 7218 24494 2807 17000 17003 18621 590 22191 19913 9058 27731 24735 13065 14701 29969 31992 30287 29437 4252 12297 4406 20594 11192 21133 22154 14771 10705 2848 23141 12432 7821 31330 10411 
30186 28325 16968 27163 13819 21969 20324 11149 26491 6382 21673 22122 5489 23228 25612 28039 3202 22416 11976 5570 9700 30988 17408 6213 13115 15379 6864 4976 25035 21163 12263 3453 32384 22623 6666 8209 8927 25297 16560 12309 27971 12909 2323 24986 26828 15261 28960 1909 152 9218 23546 24400 31202 15915 30643 10816 6419 14864 1201 24497 5382 26416 12700 26813 30773 12456 7228 25735 20451 24320 28783 27498 28209 28439 10857 17675 26365 27341 30743 14590 18539 8836 32505 4187 11554 30436 6278 28082 5047 25824 509 713 17661 21365 16313 20387 1562 763 5557 16130 
7059 29080 15477 23465 3480 9482 32096 6390 9573 7256 30807 2537 4345 30413 30284 19569 25743 27203 9557 22822 13288 18000 6494 13224 8154 29119 27606 22679 26006 14139 24476 17064 13891 15268 7160 97 871 3348 3220 12180 31005 373 32016 14113 1 9527 3291 2156 19552 20272 3273 5565 11535 10235 28680 23650 2994 24060 6424 27253 29246 29210 11266 11761 23561 19049 1855 31519 29485 22674 27571 32119 29698 4007 6278 32571 5092 2589 5116 15894 2520 18374 2565 29329 9036 23790 5724 2160 126 16123 11349 4261 4185 13798 26139 29025 27991 18464 7475 31987 
13418 18911 5034 24524 20736 19545 32643 13865 30139 25067 23952 22419 19150 22560 13400 14564 20024 12652 29410 29415 31529 31223 7654 24016 8738 18843 28585 4264 23499 14515 19764 28240 24887 3530 16255 14403 31703 31335 17504 19243 17932 30911 14608 30547 27679 29695 5459 5711 13762 31995 1685 24269 27117 21905 29918 3171 23042 13807 29992 14054 3932 26357 5568 13680 1442 32646 19759 31239 22987 11615 23285 19862 27877 12971 10955 10896 12181 26233 3647 18394 18784 179 32048 19316 28260 20239 25192 16099 17135 10772 30238 685 10675 14519 13591 22547 23337 8659 25127 5277 
6381 12232 12104 24822 25175 17706 4951 25760 12218 9845 13019 9588 18560 27081 18795 6500 12575 22287 20938 20692 1202 14192 15372 4633 5316 12356 6168 15094 500 21548 27531 12786 10930 10648 16548 30674 25358 16230 31249 26290 13675 22772 25794 16397 26210 12388 28940 11563 17811 30677 10425 9373 8840 6893 7953 5738 21901 31404 30693 26180 26561 13591 14966 19786 32427 3196 3175 9142 27792 6794 5318 10670 10748 30178 2652 29710 10918 29318 5021 21584 16981 22996 189 29707 24312 17951 32135 32179 10080 6176 26592 18359 11819 22085 2931 11956 3461 28148 14594 2007 
14344 14193 6439 10011 1744 11642 17144 22393 5445 29113 10918 26532 4759 75 4595 15672 20617 16457 16800 5682 20308 1014 16125 5683 24980 31192 20268 23184 7337 10253 2466 5278 31781 15819 7524 22713 9562 7022 23692 19783 16643 27468 32566 1519 26447 1305 20317 7083 5193 19782 8583 17989 11360 5784 26359 10419 19486 8284 6548 15924 12527 23858 7957 12767 23962 1419 18298 21856 31874 11207 26115 486 2656 1431 25008 11701 7605 17393 26698 22306 16055 21671 29223 7448 16171 2527 10520 7888 21910 23967 30218 10911 20261 15863 829 31604 9223 24376 17428 18523 
26744 17275 24443 14466 4898 20318 4898 32143 21277 32053 32472 8567 920 6819 32224 30845 21902 9823 22311 5788 1953 11210 10676 5142 11796 21234 18325 28337 11 3559 26476 9342 26133 4333 22310 15367 20213 32541 29062 11176 27017 6151 4532 31987 22120 31116 12962 19232 22350 14456 2574 20957 23295 9901 16341 7256 30600 11951 29150 13947 10732 2831 29850 31943 12069 20472 29255 28615 30447 21011 5992 6641 25487 1982 23562 23620 16313 12597 21098 9882 19085 2990 21298 3295 5784 10577 22758 4073 8475 18862 13813 11804 29380 30836 23949 12673 9415 13877 31900 26646 
13323 7742 32056 373 30843 19838 1748 16021 4994 8632 10396 4207 29472 14722 6708 26573 27404 6200 13773 3456 15710 19195 29593 4079 27691 11616 15546 14082 21708 1572 3568 1316 29801 1547 28549 23470 17401 13674 27445 27366 21177 18367 4254 915 18226 5601 9852 608 26888 24955 3241 12007 6509 15411 19787 12956 766 13454 22562 15460 7202 20826 28087 26829 3277 17873 17598 28388 23506 16490 14260 1356 18096 13602 30637 26428 20080 13936 32046 8423 20695 1161 22739 20336 28989 759 9439 21102 1054 24990 2742 20860 1882 15782 27974 22966 7536 2254 30435 16951 
11766 9190 24321 2820 13851 1885 333 15627 21387 29077 24875 15257 5659 7017 11632 12284 8856 7437 23081 14254 16719 15563 10136 5413 12469 30116 28269 23918 12429 13712 13631 24865 9164 23715 17427 8199 2845 18460 20392 17116 27415 2916 22395 2934 24614 28663 15315 5753 27977 23641 16439 7711 27286 18110 29765 20542 27225 21445 32328 20617 30873 17401 12139 23851 18663 27832 17727 25349 25571 12469 29266 23552 12667 3273 8103 19015 5099 8368 28779 18679 19904 21595 13311 11732 7022 25572 15978 25390 676 22270 27098 12832 18663 11423 4257 21796 20886 29893 23627 18308 
17286 28601 5774 23723 6231 26015 1856 2194 15714 12046 32432 23554 31414 19618 14350 22313 3170 19760 19435 31696 31040 1247 29355 10690 17973 762 26154 30186 15432 28793 23127 30499 3741 8317 8010 29336 25136 25603 22880 11806 1439 28983 19517 16593 10667 17318 19159 1080 8023 27106 32485 3004 6130 27804 8590 26126 7466 4683 25037 6264 25427 9120 16843 479 9221 14103 26057 24431 22913 4109 18037 5140 15077 26199 32751 18475 30202 15889 26116 30799 11536 25735 20920 26238 18962 4808 14600 25963 12983 12369 2250 14933 24657 22834 23595 1217 16532 23071 14318 1060 
6887 27029 20432 29727 3229 3217 2318 29470 8897 11014 26447 26060 24900 23678 17906 25062 23453 11646 23176 19813 27654 17139 15501 6542 8763 28836 3862 28590 8718 19154 9831 13766 24335 5814 4695 9410 18997 27569 5571 14574 25290 5371 4879 5282 12919 24567 2094 24776 31772 11702 20606 21809 31151 562 23045 3004 27518 23091 7110 12950 25818 25956 26612 10883 23185 21443 17050 7634 5755 21511 3042 4918 16254 27898 31300 22570 12731 13805 4636 20851 6320 22820 25317 25490 2830 6804 31194 379 3827 3033 13138 32391 4008 31582 20883 3757 26450 16045 1741 31597 
25734 24186 30212 9496 17551 6345 12220 17332 6762 11197 13666 19316 30466 30280 24539 12240 24065 26096 30984 8997 7495 19858 21719 8983 12524 24187 21463 21930 31231 8347 16851 17731 3241 23057 11701 14698 10144 14220 28546 26594 1132 7488 13365 25781 29157 3614 4810 629 12203 30444 30162 2172 1898 8214 8594 18616 4901 356 2476 6338 17987 23438 23087 4079 1557 15138 11714 4047 31484 25213 16844 20782 11004 14153 31700 28862 12362 19569 22081 4971 14296 16366 4164 22082 13994 8962 22416 14713 19362 6013 31489 5264 27432 3723 2316 29566 26756 9362 26236 23861 
1616 6550 32596 686 29080 19854 8821 27529 8788 18801 27994 15681 29783 8280 6540 23982 31546 15770 25745 32643 31095 8017 26268 16155 23765 21733 28589 16359 13558 4585 10905 21830 6802 8159 13095 17635 24956 24038 20709 19580 208 17524 1027 15741 23816 31025 16862 11555 27675 12058 460 30457 27896 22448 27234 3603 18494 14332 28370 26809 4192 16260 3247 2559 5314 510 24471 27660 23952 19907 13837 23626 11116 4402 27441 26143 7220 2332 407 25425 16085 5423 24893 6453 30776 550 7868 3598 11745 17122 9603 19640 28054 14752 8621 19871 29129 19739 3229 20160 
15858 19683 6057 4224 9066 26306 235 32620 27832 22510 2747 563 1205 17310 26974 29809 1789 32302 32457 27333 4457 26125 13886 26261 11431 17580 2672 22972 26635 12331 23565 2863 29353 8153 17817 6330 22738 7601 12282 25959 25054 23926 2162 15839 28017 30246 21730 28708 13216 7955 19847 599 16789 4019 14324 2957 15866 3055 13955 22506 16135 15444 19945 2013 17465 10630 26965 31008 5499 17547 12046 18160 27361 24084 4721 16545 13500 22464 10047 6141 15747 23528 32031 6900 11905 26559 29548 26800 30778 29556 3963 8011 25400 28141 13035 10714 6967 18790 30767 3324 
12741 21074 22117 17600 21616 17573 21789 7421 11856 22118 17519 26929 11372 20754 5250 14709 5455 30904 11007 15587 30527 30578 25100 14985 19774 29800 29310 718 31782 4478 27645 24948 1250 30045 26609 27754 20636 31893 9184 32742 24374 8084 10828 32078 25065 28888 18954 8780 18002 18961 7996 24090 18588 14604 11595 5335 2244 20527 28596 23901 13918 21408 221 29693 30689 27917 24665 12943 29186 25598 29102 21982 21705 28378 20676 13261 5929 27463 11314 30709 27049 1999 14267 13947 9615 10456 14114 29549 14226 27895 29475 11869 12881 17154 19833 5416 10003 1101 5583 14015 
31656 11904 27823 31872 11842 30131 19459 28785 14781 28965 17840 19859 13159 16060 8910 13429 18097 14809 1674 20026 11890 1656 21181 1073 15916 32162 30757 19496 8181 4222 32363 5125 29295 5869 27052 5323 649 24656 24818 30610 25963 31622 5532 17017 6647 27712 7674 24852 15760 31815 30136 15647 741 3890 17318 8002 21966 12371 13677 16899 31603 15045 28059 17923 16949 32410 23300 32485 2917 23733 9071 25452 13049 20297 18329 32107 25221 17141 11864 6980 32667 28008 18299 2801 7225 31929 12193 5689 25216 3082 22417 11962 1836 19606 21074 11781 12657 9367 10393 10630 
25293 7948 29692 3013 19860 16853 4437 12506 13604 9092 16174 5038 14119 21809 3547 8756 10097 16512 17201 23604 11692 834 1962 17461 25791 10363 6269 28452 6192 28954 5883 18936 17925 10056 11716 29831 28861 31930 29041 2 30772 22239 9857 26729 15784 23509 5939 3203 20957 10269 5040 22059 21354 18602 7151 1330 10943 28658 4892 26833 31140 5229 1887 29787 30197 27843 31726 7559 9941 8077 20181 24127 14416 21042 15524 23588 32094 6460 802 15674 20087 11657 25326 3993 20992 12702 25765 23780 23365 1703 4233 25120 12227 23240 10236 23788 20150 25673 27275 18770 
24542 22748 28128 10255 3167 27231 22324 30256 11754 18172 28986 24691 17618 14569 6770 22362 20821 22919 30401 23254 26778 24337 14291 25154 30435 10334 16068 29540 2740 9345 12206 1348 30005 1093 30690 5529 22172 10144 21179 23647 15298 12707 20256 19545 26063 22606 10365 6380 10922 15424 20806 12301 21237 9399 24211 12407 5330 21491 23152 13077 30113 5864 31885 30989 365 19396 18864 25984 26444 30120 30758 12464 19060 31673 1190 30210 30320 21205 31269 6168 6976 29567 4919 9094 20342 11939 22317 8186 8564 17539 20517 16866 15135 2582 26659 4196 23031 14498 30934 14345 
9449 5672 25501 19916 3192 27585 24307 21794 20127 19333 16104 15459 9111 17938 6325 17795 17535 16277 13465 7614 2406 24293 13851 25652 10943 10882 11009 18318 16256 27274 21835 29991 8066 22008 2851 20242 25204 31359 15678 28712 31670 18371 10703 12996 11394 24245 12731 26483 4770 19816 11061 20687 15263 12355 6441 25880 14753 15597 22351 20556 1202 21081 30375 28997 27372 12191 20427 14091 20086 1445 17129 29247 16855 10822 5493 25898 1769 1799 24913 21972 29082 11469 8942 2375 31946 17744 12835 12278 8347 2022 11234 28842 20059 7030 30196 7679 26006 6052 4396 6874 
17427 11715 16025 31016 21886 27861 24850 32692 25684 129 7202 12199 28596 23614 148 9790 27390 9026 28903 23215 31161 32530 4551 24287 5543 2090 29508 13042 1049 20316 14792 29876 24684 7483 26027 2469 29873 4236 10402 3672 23491 25929 5629 17665 20228 6335 30770 12050 10518 14499 23173 30477 29080 12686 30247 6627 11870 616 14095 24703 12082 15177 19528 30092 5001 6762 18948 30291 15572 8325 21571 29690 19075 26579 7571 12696 4158 25338 26560 10978 16635 8187 28896 26570 30543 5824 2116 5630 22324 29584 19808 13434 16868 13192 20408 31296 27593 17023 20123 13708 
12333 285 8882 8584 8052 29273 1926 13925 9480 26685 20452 25573 16793 19665 466 20871 19587 16713 2279 17646 2198 230 16450 32428 5095 20751 7122 988 9557 26277 5462 23798 31909 13813 24564 23815 16039 4178 23730 32173 25681 11634 23446 13393 3439 23769 8197 19211 17411 25991 4498 12113 947 18079 28460 14863 29100 27634 11691 25572 16107 17956 17334 10416 18781 19864 7146 10795 32174 20390 1375 32724 7054 3233 15979 21295 22893 2343 8807 30839 19485 29532 22734 12274 2263 5072 11217 32302 9403 22871 28454 30972 6866 3192 21130 4951 25369 32426 14146 4369 
10716 18399 17037 26293 9670 2140 8238 30912 7472 21945 17046 2846 22376 9409 19018 30965 4709 8640 12441 22407 5552 23073 12104 27121 28093 31850 1831 8111 11785 18273 20816 14071 29150 31332 12393 26089 8002 10829 32454 5236 27878 7288 1451 5905 22051 32720 17390 5971 4177 13193 28998 23938 29729 16066 14247 30899 4765 15729 17004 13946 29538 26246 3952 4105 3004 20110 417 20412 13967 11565 20533 19010 20056 18316 13274 7830 20744 13873 20321 9187 1013 12569 10392 12929 17919 29470 30559 9541 23568 14287 23667 32461 27829 19592 15149 25297 8356 28119 18624 25662 
23541 11520 15881 1374 8630 26881 26866 23005 20426 5975 18955 7618 1374 20554 9324 5523 9272 12400 13840 16826 15856 30409 5374 26203 7971 28870 10969 13900 3008 31267 12223 32644 2382 18122 4113 24573 9442 30377 24456 10723 2692 13341 13542 20100 6701 8738 27465 29681 20362 28317 266 14314 16737 6749 30228 11417 13630 28894 24943 22013 5850 6662 1873 13108 32272 7774 13422 1260 26106 19278 4512 20971 14071 10242 25258 5246 18404 8146 1076 20062 27371 1317 30059 14913 2496 5814 24766 7563 22611 23672 5769 2371 25994 7506 12532 11728 22006 27728 15966 14565 
859 3297 31221 13006 32741 20899 5736 9123 5090 24189 24352 11700 28307 18520 30072 22510 12945 4231 13415 1598 21380 10974 30049 9456 15639 15219 27135 16195 6235 26355 12536 25986 14128 29368 947 12762 3073 23790 7847 13114 21408 5933 18952 29629 12209 27372 18656 22879 21233 21397 31326 13234 16897 28828 24281 24299 19468 13860 24840 6569 10678 7104 23626 11181 13162 28943 3178 16682 18271 7248 26673 17507 27210 8187 21156 10155 17812 10732 877 30597 2904 1851 7311 5702 18385 32250 30152 16456 4994 25578 19746 23547 29051 21630 8905 30641 26442 29655 27768 11923 
629 24371 29273 26862 2285 25350 9060 433 11683 10540 8368 2579 2830 18373 31848 31200 18326 10272 21275 17620 30348 16187 22875 15850 9744 23208 10723 22651 32511 313 21054 31465 12432 2971 1405 967 10154 30648 4635 22416 8879 28807 1725 10202 9170 6142 3187 200 24571 5744 30576 9426 27782 8875 4915 14742 29867 25157 29345 21544 8100 15661 4622 5985 31248 22165 8392 24749 19142 19042 10978 8892 21711 29338 20655 2153 26871 8605 13728 11595 22326 23324 3853 17178 13590 16494 20870 31912 10274 8769 24624 17081 16108 29876 1690 11892 725 31469 3934 2321 
7956 19979 31452 28619 15744 19853 7466 5534 9578 11578 163 31843 14170 3003 32710 16697 16600 6932 24242 24828 5082 24582 17869 7650 23453 9233 30938 31624 15643 12583 13628 25443 17609 18004 8522 23360 26661 11219 13759 19514 29379 23216 14056 29826 923 24186 24085 722 14942 11083 16803 20186 9294 20358 3234 20865 27945 26607 14500 5411 26202 26503 811 21185 5234 23742 24996 18108 22292 9600 19284 4807 23663 31804 27188 14455 6256 614 18915 19849 4673 7167 10382 6114 10546 1841 1200 15603 32333 25964 2351 5245 24351 8047 5078 8895 20449 9142 5239 23553 
17316 24576 23521 31705 8187 13373 8343 10747 16252 21827 22325 22052 20506 28963 26430 3927 5484 2250 22218 8913 32174 10729 23874 527 23222 12706 10609 31797 3102 18316 15210 32149 1562 12274 17473 32326 15642 29625 12095 5744 2386 18824 13588 3122 25441 18787 29742 9826 4697 24813 2225 28030 2696 12118 11133 3608 9717 2448 205 29417 8017 5458 3701 1880 2849 19289 26765 27822 17729 27353 4946 22037 15148 6034 12543 28220 13184 9630 18878 10924 20153 15615 28758 13725 4306 24250 31170 13975 612 30139 3660 9967 31962 7310 26983 29998 8825 27427 31328 29089 
8937 9267 16422 4643 3213 30408 3953 29329 17546 19497 9175 8917 26469 18281 15638 13827 25500 16586 11009 32194 6889 24625 4270 29949 29783 20305 5860 30998 11934 11267 21080 4201 11367 27394 9064 16799 31762 19395 715 32736 20559 16018 23265 28680 21800 26747 5569 16719 11765 21645 21547 13183 2743 29431 7173 19934 11727 30909 4028 4715 28498 23353 22896 29821 26786 32629 12194 12626 28931 23355 17274 30216 2957 17935 19222 29393 6961 2119 18398 9748 12636 12570 8448 26233 8175 11181 25469 3865 2431 24514 23920 4728 11315 29085 6064 7570 24130 822 25797 12981 
22469 10827 17300 10258 32399 23892 24524 14578 12481 9348 2552 24688 24590 20645 30564 19782 32259 27234 31480 11816 805 4112 15678 13327 15781 5349 18106 19992 11109 18398 14408 14573 31075 554 8144 31801 8379 1720 8624 27393 4229 14258 30614 2597 25153 2887 15663 28189 2540 12700 16625 29058 18063 824 16106 26036 7864 17361 1006 11285 21662 20290 24444 7039 2783 32188 21316 32669 9134 9008 26177 19493 2473 8547 27110 27168 4552 354 19646 24029 30433 18077 15427 25689 738 12236 15908 25113 26713 22026 28563 3292 454 5770 20387 24184 8337 14231 11763 21488 
27364 10839 6852 28133 10327 32748 4245 212 27088 30875 21804 444 18202 11119 13038 19853 20728 17550 5026 30265 18832 18730 21487 18307 30016 19230 18187 8386 22038 479 22499 29055 25271 20778 12052 14327 32187 28302 9938 28166 7440 14308 8671 17049 9564 5207 22109 27118 1928 27851 469 15764 4396 26756 1205 31600 19458 22480 7455 9214 15676 26466 18272 11702 7910 3262 7240 8273 31379 31808 20124 7651 17251 16289 9131 18003 2375 12554 17087 27450 2953 13861 29922 23602 17483 32254 29907 1529 25733 6579 16438 2948 28526 17667 17081 6488 6393 27720 17441 17999 
