1039860149 1479321975 470457839 517839658 184402500 1452463040 878073017 40536034 1143915316 1492006191 1705044518 18217335 1527384018 434322172 1641876270 1199097069 710047096 637876557 81360168 1122881834 375583814 477484081 1663029135 1960167527 921210608 825357567 1337904233 665587171 1169171851 874733033 59958661 1736392575 2059698348 379764725 418134026 1974800856 1039340131 1251453402 2123167612 1098959249 1008656413 471106371 1729964604 1988402846 114661434 1589549571 700602401 2088848467 157048630 942570967 
465424176 833084093 1964330361 190873306 602600730 343693494 1612470615 1718218521 1807975666 1623973308 107273674 1687144811 603447454 984607102 1536362374 314014072 1808095889 658384185 552644352 320997542 1269848606 1923028991 873555627 1180808305 1513239614 623074432 401401966 897657437 1799024058 1043154511 1373154089 1046626023 832714103 1781248646 460795626 339845835 1156413605 257357802 642274798 995554851 1504123369 828606543 1989811371 1785149945 1227896919 1552438229 1688129245 1549205160 1610723331 58653334 
839831937 340749938 211883193 99154759 2124583347 1029718119 1440916356 1548436625 1411604072 1737346275 1628714048 1819324985 1876449249 860138865 538249991 1179894535 1570545153 470349667 618240962 1292761604 129081640 810552760 1076572333 1060810601 2037514971 472434805 37213647 94215707 1683707161 1829975136 435664929 992918290 647349930 2071029862 1056131804 1028649815 676856179 1454196234 179590180 645210957 394256549 2000288634 850473890 1095666004 934347534 1137810932 631053407 1394403584 1216382453 406313616 
1258792617 281255737 1280754640 1468746097 59877203 1200021434 522788101 207348944 1317014065 102490062 1217750709 26744932 1492521442 704156304 60956703 1768261512 541698092 188191265 1769773423 1269222863 217940673 1640586675 133585486 1684884669 483291987 41146105 1872520481 1723088881 80182584 1303540726 463517114 834841090 654075557 946800874 1666469181 1349132176 155935176 480806961 1971300861 571439344 1436958420 401228786 1393379958 822862110 1133021857 201735927 307838901 268244618 991001998 307277015 
1340608686 265280498 208324845 909587037 1707855642 1953526745 1889884567 1520353710 1734617975 545376340 170923373 1199498545 1811619156 1319061169 1381725951 1873807299 653134645 1834089983 1219261598 560598282 1226648171 1400968012 897726390 2048317911 1581370081 629748655 1585366270 276463523 1668371518 2009669918 2049764465 259544183 662389130 136414111 1717155916 820355644 978489261 1799419475 1883444625 1889886301 1346509654 1094382778 279281357 1633821269 1304703607 413929692 1759332891 1043086922 1984575436 948744120 
634226388 2036894287 144223724 1668211618 44630708 11114519 558401421 401213038 637064979 856539878 1754957115 887098156 1545660036 1575671775 622159135 1116592908 24280174 156962419 696805046 635870107 1605119855 1513726183 411094599 656728546 1945043839 1948266814 1447773464 585685792 215431592 1848481829 1048170927 1166114850 1244947175 102530452 1843719423 1071336211 427608932 398073677 568125566 329194612 1915945410 1218556271 373200650 2022447818 1364954102 884536961 1865533951 299329532 1940321864 766894037 
1067606960 1288010485 1124519636 2031635518 785291728 433482166 1888148504 219562339 378624494 1481566341 828490062 1837470440 516141656 390302059 1153650061 1538317233 1151795131 1631972008 1747515472 592801853 1904968160 309032175 1829724237 1587557709 741133936 795999096 1226188998 956155290 753798429 820974621 1186231649 1184060162 1738453381 824488664 1768588880 451534329 1259279672 632301281 1138173711 618332636 925869803 2033042379 1129554287 289181807 792032980 1018293766 1338186159 342449220 302002869 1105254807 
963757100 1582276047 762109524 428595823 1321769161 813955666 697461686 879940976 785156236 372250624 558790543 1240277680 962146083 729477707 1206082479 158788335 1837769944 1881655532 1285260123 571317535 1638295041 755727325 1497124696 1497082183 895302286 1919291261 1617992732 1796372832 1700144356 989182373 1021861830 397921243 1347531947 1616100491 381854808 176056452 644418579 1033311614 1074833832 1554694199 741701110 2034878430 723361837 1750177013 504983174 279169117 1031805332 2118698394 1248489265 791220876 
659842482 1701235082 1323277081 648419203 1126989483 1118318450 95621740 1261046561 1586228032 2580597 2050199798 1352173759 10243903 670122084 2122177837 1355004203 1759784721 303769321 1475075384 800481123 1809435852 1283427539 83851120 1515678119 539394641 1329037677 792425180 1489687909 1390621487 1655244669 847704032 1826947682 1445082908 1676121758 1575053618 1166144053 779224903 582015687 1909879957 1809948362 197534923 681338009 1262535537 1833592990 195922879 1834595953 187854780 607574638 1325039444 634564366 
871559425 374024279 867782695 524910802 263112187 1389905665 815564899 325061671 350136891 2070706871 2092800186 1000127656 490152663 1464949024 577534035 406146013 1362475319 53858200 119463534 921231637 1028519884 2142187180 2111614680 1268141659 443027158 1674211816 1643780162 1374408026 1879071263 1430167244 158403061 846673827 476812345 949789313 1116844841 1064691651 737633670 1988170014 261938851 1630813275 1275732630 1459113502 35855611 675889743 1876352452 878601124 911900101 697101338 293125988 1502632550 
836601716 2081187864 765789551 743073747 1144362806 21357875 513833064 1109626056 2045862815 1516744610 912491658 1381143351 1012177342 1521202682 680388394 38444580 484635177 12046848 1748489380 1015012583 1024621756 403111176 1962286678 590818368 182185787 1323177780 1164332410 594333741 1943390599 1067161190 620055430 79072233 1099483529 1519698873 376609570 6609461 995831605 120520270 221309564 1888627869 480133409 623753635 1471011027 1265751153 1437640404 1789698702 139857283 960771450 2128047920 526327553 
1732982506 1365901140 228611888 1805560587 1826508073 283340083 1854073718 2076981059 1975028166 112241874 231425589 353258946 1841276981 1945860029 1876951667 673397532 1251427864 562990169 1119761460 1698294161 858207260 380208995 438126751 1290276970 1342296305 1153256063 1751246582 29976056 369293513 1150771532 458559001 1012953761 1252307460 1172372082 1771410065 795872013 385797340 416068699 1066534276 954503350 173347554 2076351502 1241482064 658555893 422109535 1967055250 68832261 738002210 1191443139 459099555 
2113059453 1651489670 786564994 219535326 1214388426 280190884 533750050 1291530989 1261109638 802010537 270437064 352675589 1239193987 1964645724 1752401202 1642983518 940734692 761817577 1970668895 2011354520 1449366265 250547031 692266368 319698866 943818118 1662712063 1982397666 1208474207 2145472157 1709348608 482848259 390227659 752824645 1525018270 2109443096 1808338972 1717058860 1525214600 2022794468 947240567 1076749269 1380383372 1955503636 1037300787 352310502 137311085 454110307 1370952050 1540633348 553012149 
553809782 449003131 1518988982 361819138 1132171869 732591123 1535752415 1706651 907887682 1518061249 80927756 1330529682 1063627796 1730743992 1739004193 1898333108 1426415148 1644800571 943983737 1375856745 409882766 1739499087 239640923 1409690206 358867957 1973606300 670765317 2064299503 1518454133 196311725 2021704353 1023842032 773976796 1410038671 1843526019 377896152 1557308626 1000638829 845799131 1523999163 2069358842 1948201041 1249126750 1659186490 850149490 1139331140 358935526 668228755 2021238685 119005920 
1081490393 2067504028 1901271848 203803226 1504424881 313537112 6901183 1638800185 904374766 248222462 1237819564 637100105 298990769 2503222 131419008 905171710 647257735 1459051840 2060591403 1948266114 1193015681 200895114 1694556691 1799394466 88562424 180950528 630578333 2062331633 764400935 533691563 735876531 1239951857 392043029 424183156 788013448 862402901 482985689 443446284 76270344 1666037999 734012276 1584850250 1143274492 132781193 756937660 1547890954 902182458 1129133868 859119259 1923904961 
887423630 1699363516 1255498496 121799933 478370270 65052909 284985442 1607335896 1803781250 437310141 368687958 853041544 672035143 48801728 1777285796 1914955967 726797482 1875937447 1515162207 435135867 1423842745 785237921 406877755 797361219 935852318 983288997 1122439878 614839214 444931138 382365261 494073299 2143183225 497390406 907637560 591615845 1785735995 550917052 1315766499 910798747 773201092 1681555515 1465012711 1701171038 1530084366 1959063855 419279773 857539791 1090711585 1781694867 613495387 
1240399521 1616284164 766585941 681655279 2084418876 669468093 294789521 1886651429 786153834 1960553174 1108556483 2099519464 1016806190 134996191 1164540082 942566869 27688520 1151454366 1360514628 196839056 2106108185 569300075 1059727318 41048117 1470958834 1461594111 1113332399 106452387 1547262357 1990256457 1180810471 190229488 309610891 356432525 680001954 483837864 1897686706 1054685740 150922412 1621434426 553827179 1163881447 1326319594 391570723 245375593 967552931 1088434033 1290640422 932593803 983017985 
1745169102 595293981 1219057253 259776463 156184861 1309995722 123535616 1068880018 1880773339 894466554 1961894842 1798952892 1737841557 950224693 2025537986 1745348019 786871477 302030297 862371803 573712813 1622290767 784615911 268450287 1067080306 2137107977 273169922 434316812 1251768894 1366949611 1851123754 661247318 1906375613 689336650 1462245533 741145624 1389948177 146180672 165414246 1006245800 1082588145 959348175 2116151214 843686558 743664667 1156477654 115807622 1185219509 1566371328 1001860050 1845250551 
1500051048 224812794 477804189 1333072634 362735179 396194951 1158464491 997132569 470156418 1902901207 612291107 1786146982 1252590426 475742835 1459933990 1180613364 124564581 45547890 565581960 1989170078 1337151343 1070534170 833024527 519906184 741945390 1581766008 1826235787 568727784 2024990427 1388513237 855217914 24077217 2118195211 802152153 1141568724 378977090 1879438832 1192937889 373683948 546890538 514660364 432253864 1783933383 375117393 1776356475 1011676431 1485043228 883558704 244427682 1113894095 
1271284017 514971542 418776636 1669539802 1387681712 450364515 854854893 1278065230 2125702082 799418646 465285198 1044381915 1654389115 1021180392 405387869 42681873 1561661421 1742893620 1735950652 1790178198 135540057 1295838414 358598654 1832048959 461314218 1459033384 97873661 1139814034 1124707857 1334900248 494269510 1895855973 385583469 1235184976 1510616712 1893146253 2073920244 912556634 32744891 1707918154 1763344174 1486031393 376311106 277493576 657163286 606787369 1394174466 428319555 429981964 553204245 
639098869 2118764997 2137914064 1276708615 1575501026 742879085 1128523012 1590584684 1479789431 1970678262 741375615 1002776466 680941132 325104712 425468269 1809464750 667410816 6958511 1004970128 1073419271 2101780499 600469753 1790292780 76982238 979290331 2015357903 1669487758 968238883 1641957678 1021791012 1657365956 494801177 938808579 1239186975 852530724 1309337842 20897735 2117243574 560312849 711077380 423298496 1108596489 291958592 881919672 705609847 1656750578 276978147 1917190978 16439258 824243961 
2054445563 758457695 809440572 448232789 911492045 1533773743 484526222 1717209452 389653413 154998096 88624485 967631679 1692636988 435745078 880849220 2137962968 1045026499 2018477846 1138089650 614344598 81858751 1977000033 1834055456 2113243694 876422320 984469441 1476289275 411347810 1189089764 2046691346 1815512871 1252222016 1089090535 56813445 428275805 1921621174 45477497 109301702 1268885462 63969945 85676309 1745817691 88875638 1858010668 534801478 891702364 359052423 1326984323 1274550305 833934648 
1676952413 941486269 490484474 1047685848 333803359 363118253 203300427 1070276856 1401645852 1874961190 610321972 1173067979 1649375167 1862030748 654041563 1708783741 491015887 687605443 1530881360 831251491 1026688319 760261508 1425362215 1579892951 1827491585 2053621409 935306179 881959115 1745169811 1319615978 1450582078 1888217375 407385359 699560553 2032932924 847511190 715775499 2077172011 647850723 1642166080 1799181912 556792124 1269788276 1411927532 1045269260 1077174553 1977934661 1869248891 1804446123 421814014 
1019739133 543014794 185456238 601762295 1906407835 1112813175 1519548783 2097454686 1791430269 1750589211 1168269636 612533326 1798465715 2144552358 1843011941 1309143780 2018720782 2067045394 1366689651 1609701317 1016377651 1454465321 1320403323 2032307532 1020029966 1858510779 95539180 661724471 876018514 2025571044 594087736 1856946790 1419759597 62638169 1767460247 1203430061 1123872165 1294131529 1830131876 908818537 722542758 1784484429 1291131681 1509336831 42951375 938401457 1889278513 1610475163 359250423 958437430 
872795927 878280583 374781780 833471909 289198137 767173903 225575301 342564443 1254340409 107973565 635905370 890553051 247535115 1447529817 718573613 304155068 1373152029 1689455502 1017334563 1432005614 1426294692 760411081 990086141 1384825378 735209528 1049656025 751542064 1845069411 394901205 2126743508 1401955532 1113610786 1077004121 229964186 394315325 1040859559 305810476 764002690 768069216 467247979 1356867857 762294464 1759820757 713238785 755261958 39188368 1233643204 1323382581 1560088936 568603080 
2005934868 625115118 817515134 1646855421 1521060009 1227532302 1310902754 2102146846 1795938775 85544897 1689818239 466878757 1516679004 1592690524 1088751337 520515794 1319416050 1185860745 840380863 587390538 183433196 1364586521 136644783 903153929 379510389 1097220023 1629742190 1126245903 566966140 1889324138 920367044 184103648 1882780564 1066610926 865295866 792376455 997727960 71696194 295495853 562506163 1842471332 1186244317 2077132352 831267004 1528166418 1217156580 137012692 653015982 608704504 223501725 
1817891219 1507461319 1876397179 54842225 686046566 1026615226 1225556232 971188075 1633320034 2090585512 129074547 114951914 204918970 1219127181 1612590798 803793249 1477233899 1370341040 170273962 2043012299 1985825319 381157937 76956518 269118138 869299640 1032493059 1233732058 1780076463 387921571 1652401080 327028278 79488646 2140630695 2139356578 1808211328 1931060670 1291070484 1248752877 520108980 1352190011 1823356338 2037556626 1758154844 1571105332 1552107874 798196018 1219895765 857766827 1186888962 1609866011 
793482794 350465568 323905383 1359945545 956626447 1068992286 1539607333 449658927 45397970 692745050 313651458 1123845081 250294162 998642694 1221910598 107532640 476452092 1352593577 1516173513 888336102 1626959335 554406262 1797472109 1337211982 1435645462 371139157 7207646 1800273888 524947105 557882547 1007004240 310299737 849394866 1877105571 192621566 449589245 1706819964 1969533278 1630345594 1296500245 1481407372 1113664617 2121778652 1585015239 1838148373 1764704564 506255555 1469115205 1414527699 146460422 
1624710166 347977991 768274147 1547309609 309621049 264523773 954258189 1614122069 1450546919 1275411659 2056567594 2031327937 1623919125 1523432275 485863745 764484034 1596308815 2036651156 715754149 192575042 534499108 951629613 1717098883 824385559 695383664 1197355174 1824743401 1299945649 1479030813 913140580 563991445 487788668 662881393 306243854 143842257 1150207498 1329837180 957721746 268782832 1936245941 1279707522 1005355943 1395348833 766212604 458325630 527940476 1289599931 1354439718 1343488256 594310270 
1889533149 58366235 2095329140 545309821 1497181444 719446272 172320180 1267989896 2134446970 911487326 1350187072 599923876 1954259286 374498535 700296019 388508203 75397209 1333792361 1997258361 640660899 1507135134 1678194421 1121914304 1769723004 494061140 76406071 137155058 170843640 530938260 380083702 584290072 957317486 1788157974 504666280 1364372612 377580461 1915936997 895876954 1988516104 2010710833 1524419740 1100297488 1442615320 826876792 604998446 358835921 1800590004 1433007649 1748901327 193234045 
715201752 1792411741 229800861 1824795473 530291759 121469698 2067614921 644895911 627709843 203311215 1184351171 712426408 28709992 822023643 411409601 553329106 2086215587 327480711 291720563 672266013 982178358 19264193 1114393656 1590273617 443462303 1557520894 440908463 1217110833 203118499 2135149322 1927616220 356750094 716496761 1315834346 711624820 928177432 1046439915 207464127 55171807 1049307210 2022661547 1556015952 1819851452 1608988948 1354503264 1517866798 798037249 1124188864 1480466432 337353983 
1548830084 149569865 1017059732 1999475537 707734107 2026903677 398577378 1090444477 1028001611 1304051760 1462637402 1661724781 735036429 1182855966 178224825 1400180516 1485994430 200858914 1955407719 1469537041 234076844 222360341 1136148659 1892754956 874646742 1042975171 1702007943 1294645596 494695369 674004375 502122643 1942309548 705812300 609249168 793958445 483695680 1648831542 853320658 885031407 1281385440 1295185097 1249121311 1772378666 1484457045 1040076533 101131467 948234886 246674735 794549324 270181447 
643019680 1067761078 1741976281 1457683092 2121647996 1493534527 1396529619 550095202 533946478 1753477331 455236374 1400590333 1969204673 372651306 1053048276 635945184 1184405495 1477090131 604383397 1576909016 1119673923 2051907571 406150791 2049821823 1486515688 688297412 387753995 2133145606 438234133 967451921 959737441 1649014767 659879244 437688173 967804514 911622175 313607950 1694419721 329940807 193139227 319973690 238676134 1670822399 127362114 1681878279 1301772234 503488161 893144639 230131726 2014733991 
2074693142 1446741870 1335454813 44408015 1494412460 1313863167 709343966 833766482 2057205767 1196256002 488233025 1970670476 1127543722 668166075 736328073 1162330312 128286924 104960601 1167855674 71556762 1962290694 1269377426 366213357 1961238182 1743520378 1050734672 351402597 54186264 766723667 751120423 1262434383 1599763784 2119893989 1369125692 1661960097 1720570389 1784718675 1227585574 538653975 624647630 1276493492 2105094917 84279068 1202039304 1169013964 413267245 1579214313 678347339 2098940551 335468686 
663486880 479776768 1736850983 1966344737 1232316159 446801407 532277887 2076443367 1019788945 1384316249 1385755704 1234043944 500919853 492820471 732986339 2072789912 834650281 582900219 826154448 1079606046 301212853 252627141 1242892774 1039607913 330344042 1808716077 1131896391 1791294262 1586784431 639790559 1499865884 2027847173 1174475654 656029270 1730823885 429831448 936503629 1741282658 1944364937 1657107583 1339414731 1596684417 466803544 75012178 695694839 1207999234 602363950 87028034 1959533959 1664836607 
800140476 233726610 838577524 521335663 439964515 299021723 246348563 1963287163 404561734 978510804 1486446399 1168889986 1027513499 1924429402 736702893 790770638 441470731 696633282 2016726744 701636684 2095200485 2120695510 303413002 443951770 856410600 1338242505 859799346 426527442 995224150 1589018303 894353154 517236103 1814064486 1979905188 1042554684 1660534619 601131174 1915255126 1546118640 7021549 144709433 1781200291 1331817689 345660307 194952637 1543211925 944366528 2116786564 2049457770 1173781732 
1876556767 2127894816 1802971861 1075295887 1297606629 397591611 181327632 1470644642 1018998803 313777133 1530063788 1005309463 497585678 802216006 1088907029 657714617 676882571 1212108444 1246631344 1911016337 553779261 622968020 130227105 1024554220 736321907 1909240553 642057523 785143580 642032798 1372801140 1496048774 2133908749 1765354503 631724708 387706749 1461435621 1664214783 621397332 1802056167 503346787 2124881663 736237656 1225408547 1225428933 295555896 1093604245 10876142 1717552189 979718531 706545836 
1102187094 1488074937 2100774106 681135994 508313893 1109454676 1188100980 1461045475 452056755 1909816349 1368541404 1349685369 2124041222 409620844 434652645 994713481 2137869364 1484731686 1596059014 65509717 751510551 171209038 1895998163 1746688730 5061656 162026629 875859440 991433211 1572784301 356612058 2109314382 1923152142 586744821 447411245 1501729586 920583473 1682008566 163213857 381991945 1833975646 332559918 1743556659 64817291 1820288113 749500612 1061303166 1857135260 1077799549 344294158 1184602796 
340576139 1506410708 139237293 889410820 177528284 1534292010 1074322613 1810097395 1693984356 1836031883 341592484 83974211 110296667 1971814758 1605357723 1897610058 1351424648 1929310885 525681193 965674353 1295277890 274065091 539223593 960346412 1240273815 561831549 1544253479 1099333609 511973500 255258446 1416034456 340500363 788076970 994409803 1299308640 2108195190 1529714597 1810311623 206099188 1256144056 1388076326 176876668 41153726 1729083513 331477163 416396906 391079847 869394494 1152480094 1048810271 
910631157 639680536 1733520893 37063591 505790362 1540402043 959126428 553165443 1108124205 63969062 245400483 1442624198 887735851 1370079711 2015743866 1417706307 489359822 1939477245 1924272684 962072194 134402713 1087408396 212377215 1918518841 1910232407 506781799 1215983146 381541496 1707933731 1124387617 2121041114 1327458801 1273863568 380218693 178542116 107249224 15118958 27018787 881922609 527851327 1596933983 104979304 769520668 729818487 423627625 1498184724 669410900 1324372988 1518266941 214138269 
1663392439 1868147745 1742605695 847987507 1113557245 960552699 1810744580 389495596 1345118270 1372781299 333103509 2140760367 918866546 713224280 1956786280 448263088 1577023296 23894869 563359415 1521712813 618860733 1824495889 1907486099 1879839140 398350325 939289527 659222040 683475536 1735381484 2100448670 1754892836 20425664 1650981931 1839410924 1539879064 1320791361 1761618929 559209135 501737031 2143095276 46695462 2086222557 189923435 1567962377 1308916215 2060615133 1573792464 1462782375 1110620616 1238211598 
802557802 2023300322 898743905 264982025 1074714896 1169747657 2091088323 939869907 1061993702 1813528125 1989329254 523935721 1308707924 1923492627 2062324259 486684232 495287145 1981214850 1802962153 1240288472 194578757 1052688914 2145906865 1382499335 1335445610 681664340 292976152 1079641417 2056321997 1969548604 1268234767 1121322717 247025879 1479644871 1949181059 1284710191 525392869 500002801 991449015 312867626 1224833426 478624675 341129950 720469958 552237693 1974728025 1733039466 1273515899 1831572131 1534920052 
862541274 414675452 612697377 1876269178 1081135831 832365116 69721329 2093946847 1905482916 332364780 1479243752 1962836057 810533686 1209632053 251788661 990870824 1496792946 129218656 1139597331 2079619729 904849388 1269187270 160123810 125289841 1921203970 1258067112 211968694 406114709 2062908857 1196246858 818613935 1934955564 318393820 1967409905 1944361480 729956344 2047857701 2131315877 376244458 1834633395 1573485414 1721965097 1437016077 655532929 104473840 966080396 2043977714 415886011 1255717317 1485062715 
814802702 488215704 1654035050 1132849846 985384461 1654174517 1807607572 688842417 1893780711 685725881 1638433540 170335987 1975134854 1975263173 253214756 288868190 450074029 978900472 1659460632 293715444 14633101 963994561 1798195209 741860401 839406897 1473297083 1037234694 80179897 783559133 1290208793 656195240 2118376330 956763361 714684536 356780031 375592013 1040893839 2021608511 775430027 28789265 504717690 972863626 1606490221 117630892 1825675241 1753731147 1463385218 1645051509 1022547776 1885707205 
1804106594 1232618932 41812031 290174386 1110733876 738905782 1434071896 1399048197 1468454025 1663808786 884281524 1275049693 978483001 1770324272 1059318349 1546404475 167164926 101267959 1515337421 334351271 98799594 1207024428 213828524 1136940226 1016103051 458047331 1663654897 745774418 1464737471 1142138114 350770343 681995690 1508745033 750560795 1748364057 1267490969 166284366 306653732 181886036 594961138 750691135 1537803128 35949191 732309376 1394493273 1335087447 137250292 514097515 869403628 187471826 
145146893 1584033485 433852870 570769401 1639514987 141984262 367579128 1604342158 373342460 1210324302 713240603 1030247426 1825143236 1427025037 1981769 2028327822 2093021572 734776550 1495450032 636964626 1139216149 862241114 474083496 798186173 867326835 2114566139 1255070301 332486463 1501167020 1536099749 1162812563 5292663 1848739751 1464994908 1238142765 238134094 39189197 2009374287 141251761 1614520104 834087639 328240818 909876071 72940131 1205306826 564798582 1219820449 105330578 2053210873 2020870297 
1727173961 884440830 1896828980 996811643 1789813439 310839733 548997090 35027418 1493414903 657893297 283519940 709278193 1080006236 1006420722 902664120 2113517409 1795621106 498733743 874764392 1935753827 1611261908 2101939505 1030587702 66679298 1706670044 1346028544 1106248257 956227370 2081631678 1156003125 2000553195 71054293 1882477134 2012288715 1232107985 1641255037 750040162 889338945 1100168575 1481744370 1598733387 145769142 1312697700 702480684 1076120710 748093084 633535126 1823871065 71537264 845366421 
888070928 756645701 1862521240 283870690 931437668 1719042462 361136788 833116976 1105409370 1252420979 138312003 1090705161 1424023107 1530378100 129277259 375170708 381678184 1512665035 1592011453 1870645396 1546956200 1973415623 398157691 2056712750 1620639259 837018926 863855348 1827369094 617507066 1465376102 747842250 92454791 1588648607 1539355459 487929155 2053616556 1398945129 669999482 1710584608 1986482938 1757461551 2028370806 1997750095 22699077 1885224858 386742886 1578580178 558285402 1357354201 702013193 
108072992 708242267 1180492917 2089698717 665962493 833331085 2029680524 10912636 771870348 584961758 1958855076 1576413291 1764107943 1756898927 190131489 1852960857 604023490 1607055392 724894441 1898205629 244801226 1876016985 407362807 820536742 306786250 1892201710 2003698022 1433580196 751727222 1982123800 542862198 1126358891 573711096 1286191416 616559936 1669955516 634610165 874094857 2005878683 193435334 262727862 523073855 345543042 184699801 1603348955 1241530645 712550546 2141416667 630473304 190184615 
94228963 1150638829 1236955002 1303994807 566742815 237867427 2146028254 2145185651 1858281570 1217194184 1583728646 442727538 1239878294 1772468978 1060769803 653686284 1327070542 1985491565 1784690789 1079523871 198343656 1605933049 1023133272 1044259145 1649454428 1299642346 678220072 832132537 7676036 889173322 378650219 477666424 382877627 326706340 1932005630 1537069659 1703983416 25843570 1933325150 1670474021 596952147 2114959342 1079520087 436442434 301026121 1119999589 173753079 1814169601 433369317 870679935 
