21643 10672 26244 16779 29897 22325 23472 23941 9640 21086 21399 15129 2008 16979 5938 21059 15724 5845 21039 23618 13564 27102 4620 21785 32338 11681 7712 9213 10116 30766 42 25779 24814 20131 21993 18080 6075 8913 30048 8028 24243 17940 6716 23464 11882 19829 309 1126 15922 6967 
8351 11463 30464 24283 7976 26614 19254 26390 19055 5890 6315 30143 2396 6700 9500 7889 11444 6396 4873 16575 12299 4160 25919 15952 18145 11471 25562 255 31441 2769 32072 21918 11694 29143 30182 18658 21774 28176 13124 31027 3991 9777 20479 26456 12444 28293 21927 14528 4437 31953 
18097 19847 14733 10523 5727 30219 18573 18762 28139 28262 9479 27879 3084 9039 24106 20714 8775 3568 6932 24256 6995 2076 11232 29501 9019 13798 10488 11930 324 24966 32010 6519 23657 14559 2152 3145 11832 31213 9111 27275 13287 18404 1926 4837 5217 11847 15053 30585 30620 28583 
23954 31083 17272 11221 10372 9338 12279 7973 14831 1859 21659 7401 18679 233 2438 16930 28398 16987 11733 13080 5862 2902 13518 279 3804 19892 25025 1359 6763 27184 4650 21462 3588 20406 8989 17545 17375 15937 29458 24484 8027 16804 1763 10393 9227 16445 31213 14347 31660 22469 
26539 18965 23676 5331 28977 11655 4727 26435 18848 25225 14557 30908 25655 4332 23735 27101 24683 7120 3003 14175 7428 30534 24846 9301 20664 29060 15971 3754 20412 3338 29119 5302 23488 3319 3212 9502 11714 27622 31161 19750 25608 21650 17174 1254 7369 6974 30519 12651 14627 31296 
2175 19982 3169 20023 5526 17423 18386 21710 9186 12341 31064 19962 20016 31557 12318 8769 4419 10278 5647 25587 14140 16633 21348 9959 25416 31291 2677 27407 10010 25001 10439 3832 14863 31465 22621 4780 13761 9246 29373 17870 12244 17649 32368 13927 30347 22086 22215 16672 2166 1071 
28318 28912 16810 21129 3760 6861 30937 8536 7456 11433 25897 9381 1328 1269 1053 25955 31967 3827 6150 7741 7189 6874 21611 32346 32460 7374 17707 3025 7138 4059 5923 29961 14212 7432 5799 9665 28260 15193 26666 29272 15011 5490 21430 13897 4432 31093 28892 2036 16476 30870 
5325 7922 18320 27804 11366 3741 15861 15982 31472 31011 20551 11561 16936 27640 15014 4770 7226 23657 28712 23972 24618 9365 12798 22691 13146 14978 19028 28818 21938 19794 19528 15191 2939 9583 4907 17492 25171 24617 16277 29807 10522 16001 10491 7765 1490 10474 8494 25868 12960 13179 
25462 28409 32227 24250 4770 6810 5550 5537 21694 6285 9770 7293 10276 20912 28472 8792 6561 24281 985 18241 32616 4824 29260 2182 14909 14350 24542 23609 9189 479 7178 16373 15585 4388 23098 16833 21271 18506 22562 3140 4068 31533 13200 1860 14146 28809 7957 25963 1126 9268 
15752 10727 28450 26381 4500 21065 28523 18749 3601 13941 6979 8882 10803 6865 2938 11998 22095 29033 6547 8928 28105 31818 28480 28342 8820 11014 2726 25184 31227 26179 24316 14809 11698 5098 12107 14171 23839 24531 30418 18920 11629 9487 31268 20087 6697 22723 30571 15046 16653 14833 
20970 20861 4134 7435 22773 4897 14474 12352 15907 19716 11628 24095 13276 27771 10885 18657 30561 3915 8579 6628 8478 20001 25929 16924 11258 4944 30797 7010 24510 657 7592 28620 29393 15994 7615 32559 804 31232 22093 4595 18941 26346 25061 17122 31161 11724 24954 5601 23333 132 
1323 20892 20612 29580 2333 13639 6002 3829 27886 25671 5506 25694 29972 19207 18344 32208 22443 24481 25241 13454 23661 5213 10948 1475 8860 5199 3193 3572 4644 29062 3889 30489 1049 2871 29036 21367 1472 12438 1047 8056 9238 12824 3107 31308 1096 5468 7043 480 27270 20282 
7550 20420 10333 19438 24145 28905 18070 11709 12122 7758 29327 28979 2894 19894 14973 17249 24370 8231 28724 23608 23006 9200 18035 29605 20700 1762 17902 4364 8046 21431 9726 24350 23240 27975 24295 6883 16510 19458 27167 25282 30251 6015 30621 16059 20890 22835 8826 26360 332 17340 
25073 26013 26303 10429 14846 16529 31969 28042 14034 22616 12035 4312 17300 4728 8103 5068 14923 21126 4384 24016 18122 28701 26343 18594 7115 14347 10627 15330 15846 30253 12339 2627 2385 3386 7345 22406 25985 31760 1753 11523 31987 24194 28882 8050 28128 12405 16458 9321 28495 26489 
6425 137 639 27850 7377 22689 12578 4381 24385 305 13023 10986 10897 2233 32321 327 23338 7609 24672 12610 22230 28513 32675 30114 24378 15223 9544 29921 3466 30692 2763 14939 3891 7253 26744 26570 11006 17846 28093 30547 4174 14435 7271 23901 30275 17702 1424 26185 27834 13272 
26633 12594 3141 14195 11319 31320 8563 31716 11497 2794 9872 5843 17341 12929 22290 2606 20999 10012 25897 28381 133 25053 4940 12819 28321 1199 19937 9850 19755 8577 9194 97 296 32414 20107 1925 3048 24209 31198 29722 16598 16425 3222 14413 14710 23845 5928 18558 11369 25944 
27616 21722 30333 29557 3668 23744 30897 9176 6467 21872 6381 29234 8372 26846 4194 18154 19790 10198 9485 20202 20552 31428 15153 23977 8594 1175 8526 17977 11979 11006 15259 28532 8606 9418 4829 1787 6232 1224 19492 22260 32134 23666 25317 28740 8340 26919 24901 30247 7627 32211 
7380 269 19011 10825 6536 18231 3515 26289 16461 25289 2218 3292 14479 21871 18870 21594 19140 23645 14956 29325 6858 5238 9221 9524 2914 2521 1289 6814 14369 17669 31079 27552 22748 22087 10340 29922 2285 3102 27757 18687 6085 32386 19383 2355 18783 3291 10668 2472 24105 7291 
1755 5068 3366 28104 15113 25298 15415 18085 24003 11573 15567 22711 32173 27811 21575 25987 4721 7775 10871 5798 11982 13120 16411 24232 7726 20611 6947 3186 7923 30714 5468 19035 5188 15488 7253 23112 4720 14335 25683 2067 1301 4259 182 9780 9937 6009 29916 8007 8463 17187 
10222 8584 7778 30038 8574 8526 26278 20854 28993 29584 15771 25543 16407 1050 22352 28833 597 27016 18329 10801 18158 27540 10328 13250 23799 17245 16553 17668 21704 551 31346 12172 17662 18288 9494 14656 9665 23613 19628 20533 23547 17723 31645 7349 9544 26860 29755 10123 21137 12337 
28361 7062 7401 3753 11780 9650 13095 32758 31783 19678 17676 18367 5229 2198 30231 21887 17099 9852 26508 30788 25563 11597 10806 23919 12715 2536 17251 32651 511 16881 24479 4248 6526 2519 14341 7639 26664 23687 32661 15380 12169 30247 10453 19963 21313 3160 2604 11535 25655 964 
30715 23101 19816 29572 22923 7009 26730 29609 25580 5831 10774 25143 24267 28200 14621 8393 10958 31482 21156 7843 563 27897 4105 15551 9573 13893 32512 15819 28647 17346 15693 17456 10753 3399 19767 9003 28254 10163 23489 575 16904 786 26377 27462 10753 24960 11960 18856 23248 21906 
20982 24283 28287 22935 4654 7553 21574 21044 28831 6961 15104 2028 23482 10605 6389 28127 466 20319 31831 26729 27223 31431 28474 16229 24202 21846 11097 8884 9275 18088 17121 19969 4335 4341 14334 5798 13603 3567 6296 20296 7187 23824 5490 21252 11446 27361 25450 11833 15812 5265 
11512 32102 10707 31423 24753 5689 3120 15674 1670 658 20354 22464 18005 11249 10339 14783 20090 26943 23416 17880 27780 24682 9327 539 11689 29758 9374 28776 8295 756 9109 24515 25937 25932 24218 442 11692 4410 20023 31102 7960 23391 7374 1880 5714 29045 691 30664 1738 32700 
3865 32262 17556 31516 26476 3500 11542 26573 32304 16689 21534 23202 2914 15864 19683 17846 31471 24789 22153 2223 2358 19099 21762 21165 9231 4104 29249 8933 7099 19509 6358 726 17830 14584 6115 19584 21751 27037 2197 13463 1091 27893 19735 10237 14784 28634 12338 10049 12485 364 
16778 22494 15763 8939 22774 9553 19751 2685 21466 18119 28470 2027 19568 32697 18013 20763 12766 3780 18857 15696 686 13782 2813 26723 623 11267 5336 26979 12142 14574 22301 13153 8776 18890 15658 20566 16076 14818 13063 15591 32340 30994 24748 943 30930 23769 641 27871 1381 12607 
7701 4143 1833 8781 1350 2548 23857 1995 25036 14935 4787 3769 3749 27603 28524 21513 16061 7730 18931 30503 15999 8693 12522 23988 22790 29165 28721 17822 534 21804 19453 15558 24958 31985 13687 14199 15457 5377 23871 8893 11533 19095 31761 13736 32606 25820 3919 23284 14449 22168 
7197 17140 21834 6420 32588 30309 10252 10497 23257 7789 25710 26456 32293 15975 6684 1171 20262 22840 18831 20626 19237 15703 1869 5237 7009 2244 23740 15431 3972 3052 10279 8765 28627 30858 15742 14638 19725 19067 19338 22851 24589 7773 28009 22086 9496 22705 31872 11870 1957 6917 
12817 10729 21065 11392 31548 12023 31807 2042 15446 26530 19181 19171 32747 29234 25644 19338 12259 12967 16789 14265 12255 20002 6092 29819 4778 12691 25785 1269 27064 32421 7409 31471 3466 40 32358 15362 10683 28407 23701 29912 27018 14802 9331 19554 16839 8796 13698 22353 12166 19073 
29906 30089 21879 31188 17393 19674 536 8458 5314 30669 14973 14511 4781 18214 26725 16522 19507 8459 26974 15512 3564 14350 30483 20425 25228 27710 24371 15539 7518 31517 17170 18430 29843 19447 5219 14939 18552 28826 10358 8098 9404 11324 14328 18768 30371 27173 8642 18010 18011 12121 
6015 22175 861 15568 13264 22265 21453 29720 16926 3442 31105 21258 20056 319 17687 12063 19842 13105 31944 8180 2217 27706 24823 27279 20255 2976 15939 14807 2340 15929 10836 1478 9977 1401 22925 9842 17610 31180 25143 15519 10702 17379 18116 16129 13036 2145 3773 7905 9056 28112 
14979 29219 31888 28279 60 22769 29848 32298 3638 19052 16639 21770 28869 5044 14664 29831 27636 213 24716 31167 32417 331 19796 8938 27648 22063 20338 28632 3039 28806 31821 7246 25803 26564 10074 19708 24931 17022 22183 31699 22659 253 19159 405 3651 32555 3402 13927 25020 14342 
18067 3837 10173 23446 25533 18850 31956 6761 14121 30236 2085 18767 26363 31066 28555 29913 19648 6934 1474 4 16714 22951 20557 28763 15737 6112 5913 14480 31063 15432 1297 31576 24932 18725 21183 27440 19182 7506 15254 29335 12354 21326 22570 13571 19970 20318 11644 30714 19285 22603 
25292 12862 25149 4168 3250 3630 14004 30125 15581 6019 6443 3518 20074 32260 6820 29318 7846 10668 16612 14001 5738 16343 27099 10610 11174 17103 3566 8045 12447 24280 3605 8343 16044 18813 13179 18280 16326 28136 8213 14129 6015 27721 1111 4221 9920 23199 14501 24574 19094 30264 
29765 19303 7436 24815 21602 21783 26476 6333 22965 29540 32467 14393 22236 12897 29737 4848 6634 14259 20688 5712 26988 27665 32049 2831 20413 17861 7517 25403 27209 19317 23170 15671 5623 11513 29070 28935 16017 24052 23713 11851 19698 19404 26483 24775 31133 4170 14025 4784 25566 22652 
30969 27544 17901 29217 2437 20955 10057 26791 14338 29753 14444 13057 6261 3031 261 7733 3601 823 5516 27184 20366 29110 23514 19880 1621 9258 6142 18520 8232 4822 25129 7081 18852 14937 27605 967 4331 3635 13224 12194 18580 22083 32392 22202 13543 19963 10927 22941 19702 4066 
11631 10225 30293 7262 32200 30136 25550 22202 92 28465 32403 3347 24123 32083 14432 12889 30111 23901 1653 16408 4762 23823 5793 13726 8972 15296 7897 9111 15423 2531 8906 25609 30257 19106 24721 10244 23894 23031 32457 1946 32152 1070 8433 24219 17571 11594 30320 30486 11739 2484 
27397 17194 31482 9027 27411 29351 27587 9625 26777 7985 15622 18902 18550 79 7849 25337 24985 20409 30479 8961 9168 1082 4994 15921 9130 755 26429 24938 31414 16581 31272 384 20304 18670 18195 749 8460 946 13818 596 32139 21867 27909 11077 18907 12015 18051 19354 1213 16568 
4692 16619 19057 3024 5561 8637 25247 29487 25720 21433 20834 30740 4614 4763 4582 26296 14606 13976 25171 4975 2532 21598 24051 2761 27353 30079 23047 9594 22325 21967 17123 128 27557 18516 30235 28030 31104 27390 21516 20047 30194 8736 21677 13257 30408 16898 16101 4597 4270 10416 
8394 8973 13956 4906 9860 1400 22768 15272 14628 30881 6690 16918 12660 39 15679 5095 459 30117 10802 16052 8105 28646 7534 12676 2894 32019 22298 21550 24899 19735 19555 7257 26522 11043 12804 13200 12845 5303 18141 29768 16065 23242 11610 25676 1005 9253 15633 8769 14667 7395 
19333 19689 18625 31478 3470 15416 6846 19125 14670 17619 16461 28916 15546 22038 30841 7123 625 19363 29248 31805 10220 2752 1841 27550 19601 4314 26890 16310 21872 15034 29776 14548 26023 30809 12504 15410 18897 3360 21737 5458 11096 32524 24789 17328 8170 19699 5983 3667 32317 28519 
15737 29090 18109 8072 5481 16245 11751 11194 3282 22754 194 12653 13126 12480 3310 24529 12938 10722 26195 31195 22052 28584 19161 17722 4169 19248 27834 32292 22708 13730 12050 27673 3016 628 28135 10610 9616 6760 28465 4267 26729 30561 401 14824 30861 31852 10499 10745 22017 27189 
7494 12784 1790 2543 19273 1569 22875 7286 19239 4156 10004 3783 1037 31094 21287 8729 19524 3117 28537 12421 30295 1157 2741 6368 12103 5364 23562 24598 9166 5931 30009 29149 767 27822 32385 32159 31343 11992 27990 84 17955 31495 8433 24240 14537 3476 15460 9015 20336 9683 
5069 9419 17476 8198 14645 27784 5000 6853 13855 14879 21356 1877 8114 20052 24859 10550 32412 16229 21994 28310 10045 22441 4019 27368 27123 30463 7453 2173 9176 13267 797 26009 13056 32242 27620 25227 11541 4793 23927 23334 17922 8631 25800 17671 26926 24842 18263 11496 19126 23624 
16945 10743 13261 23504 24333 31912 18342 26013 25951 25635 16309 2381 1240 30553 14760 11704 3517 18205 12546 8933 28789 28836 2836 13869 31739 10929 22207 7496 30811 13186 30123 5388 30081 17815 26861 4864 8112 11296 26954 4527 13842 19712 9914 18224 8329 5663 30154 11553 3058 1055 
27054 25179 32443 32185 13505 4086 1843 4931 6621 18502 21088 22826 30893 30825 17445 22488 15332 2220 15800 14238 31116 967 31532 30030 8052 20960 2029 20245 1145 11046 3666 6793 17741 2539 918 29384 13879 32083 15613 32440 6162 25460 27755 27398 22026 31217 22552 30480 31163 15085 
15026 29805 27236 12860 5074 13993 28808 16656 11264 7599 18183 3197 11394 20379 32559 32018 12564 20371 29100 7743 29178 13719 824 18491 8979 21855 28196 15655 19829 5417 13354 26119 371 31254 18483 30217 12959 21384 6488 24810 15891 18077 4900 15371 26560 9792 8127 17225 4921 4398 
32168 1100 22114 30725 7717 16802 5054 4675 17666 24531 12560 5908 15855 26035 5734 27932 17707 12705 27896 17872 15313 29035 22848 28327 864 23536 24713 5253 25216 7861 25262 30579 9805 3372 7557 7582 24971 28215 3987 11476 16900 8702 23690 7788 3518 5543 20690 21350 9998 29386 
2824 22245 14943 27666 6287 140 18038 12121 26339 1357 8155 4999 28675 26882 18473 32169 23121 10645 28014 30504 25733 23139 25901 21411 8803 7698 6691 11829 30386 18129 6776 7562 14094 32649 29257 25102 24648 19957 10824 4692 29238 3372 28398 15213 16670 6710 15803 13212 28247 3321 
13382 1035 6255 31943 19069 23303 17794 3426 13172 8684 25622 6279 3624 6793 30618 21884 26852 30116 16185 2953 8949 21681 17327 24526 22518 27585 31489 32546 14718 4965 31142 22703 20477 13304 27102 29860 26098 8538 9651 32229 26665 18895 14703 4681 29152 28095 26504 13245 26669 8681 
