805898108 1258949865 1810956732 190780218 1671090029 -584050550 -2008123399 1913036206 818865621 -688847506 1024937409 1104667631 1232944206 -117474627 -1153202710 -1384916691 331186012 -21311493 -508081398 -1826999109 485068013 1224241595 467218963 720654619 -1764040324 1403953096 124472241 -5902217 356108468 265280274 -1781662091 863938060 -68320408 1805447228 486109795 -1634888593 -542122332 1592274900 1667323378 1370017709 -906264790 1557369639 -1220987308 1009416232 -1350058087 -1394067962 764116963 -1043030973 -196128372 1541596018 
523829527 1491685968 1271749534 1724233071 -902538006 -157734504 -1856287976 1553819800 -338958297 -237557701 204849211 1144930397 1391842936 -447928872 -1432252648 -1599298634 -1646420602 34488032 -476427391 -712428059 -305639858 1820730281 1910802530 -498277003 -1502232763 1560685351 -991974144 1048184298 -1484829227 832427082 -1897944517 1350145493 837963478 -1966683247 1757017321 -998438505 430993705 2070176474 -2073548419 1359948041 952775863 -1172461405 762086700 1203506841 -1407086269 -1203074539 2091180475 -55907517 -1118722641 995256059 
-1644288310 -1148852953 -812527296 -1100534538 787656694 293469322 -808106326 -717067015 -1601055873 1122148076 2121573473 -829698179 -657025724 -2056735072 403446590 209469484 -914305653 2084474460 -2061692563 572297595 -1634005324 -539063452 -664967267 -2070941508 790166753 568402156 1051137788 -1473925653 -1215451609 -1422782936 -1107302018 -537485987 1703840831 -517408453 -598595149 705962663 1728537590 516709805 54487248 -623860161 -1186898924 -64841402 -1588393133 -726044277 934721577 334152557 -1202624945 -1815325792 -1413522516 -1257731313 
1594781900 1586580438 2067603726 324870573 1933146593 248244788 -1959825814 1934460655 1891854945 1115252696 1239024703 1665413933 -1525372760 1786712118 -2021405463 -1105633392 906086878 148222086 1395850961 -1561862193 1698567483 -1577316973 1412263739 345906139 -833585770 -1232604706 -435678573 -2019302933 2141559537 1591855895 -1892018902 2141319446 1337358409 -2120360211 699985323 -480115491 389980416 -664387826 1981695187 665381320 915376090 -1222628992 -816357095 -1822460707 -170816083 274839108 -2001050383 539834544 1698565642 1353038758 
-1220314827 680544930 228438202 -1012250713 903237957 1919115018 1295075797 1743823645 239354136 -1846115266 -519221832 -653588034 -967430161 -1284101156 -1971702495 1686918617 -13608203 -1835969114 -572895222 1692976449 -601670212 -246629392 -371797951 303750980 1039995841 1130744001 -1797410074 -326231390 -1430210472 -557604716 1750454568 -1665394127 -1838901781 -697594591 65277467 1794202250 -1478823921 -132749540 191635563 996486313 -246216402 851323835 1769972775 -643931535 785614532 1185279406 1428827992 -1396686851 -308473207 -184807376 
415934222 -2105944295 -1826136901 1457609029 -156405954 -1191372873 -1378361947 977267028 1831853688 719736279 1289149910 1219270280 2006600574 606168713 -700233136 -226529909 1134276971 -310823886 -696134784 -2003539430 -2145472706 -1421337160 1471743553 888415169 -669652266 -2048142662 -391136189 241079536 1360537017 1498761363 -1298185571 1130074593 867144678 -1902563000 1366736394 -1189952225 410573548 -971844014 2087413804 1123431014 844411589 -1705204828 986239059 319979566 176367332 -1236853561 737456944 -148123602 113370486 1917499609 
-1122661147 -1172100792 -1306051451 -212633258 -54671543 427803991 -1139724061 -674367197 -1725649042 1665939681 -673830258 -1086939580 -1142196200 -1414011212 891576730 684577718 -1408549767 -1465373654 -930135412 299938169 -925201275 -1466698629 382730899 -1620991897 2049110411 227890969 1063021442 -1537734466 -1204464750 -636038251 533856286 -295830225 -1668191785 -282306346 -1464140438 861828755 -1637137968 -351497983 844937032 -6945304 -1531423359 424627983 -1255307184 -211840048 1171593398 1278126620 -668548789 -1379861279 2114836148 -770215158 
-176504025 1664306541 1487935935 859074276 -1612133677 -167828917 1545929712 -793188162 1620616648 1185888977 -1748381959 1398106811 1683640742 641606463 -1730654578 -1385492379 1099472575 824774023 -1957893117 1480891067 1014878917 1449845705 2000859399 992546739 -1936115092 -503960854 729499341 753191786 789932501 263988148 1919616278 809095713 1658449352 -831621777 188079477 -585433323 -394769771 -1094088775 1232277140 1688180310 2033176507 -1041220273 -1071817633 2053719427 466894160 -681087378 1420238444 115483734 -430734967 1113169352 
-1214944527 843811539 120084664 -507335133 1541370710 -1955050098 460571047 -219819935 -1336804636 -1142237293 -411277833 -941712370 -367694787 -2012844666 963561220 232647795 -133538803 -583073241 -1069412967 664308172 -393209322 -961504624 -860693987 -649700797 1963707455 -972767864 -1945948475 -628508135 -1780148803 456714166 -127890466 -273303851 -726468998 1160572808 -1581912487 1677700081 -599659670 15030127 -231107921 -607019242 -2119447755 656089368 -2133100020 -569729235 968537806 1728346819 -625820198 -1660124305 -645506180 -554655029 
-771981480 -370225331 -747184116 -676025625 -479796419 1788428895 270400153 305327765 -1076669063 1390307739 -892654209 -172953493 -784983252 -1734595842 1167700736 733636804 -1287168217 2062654980 -1653039348 675906956 -939568938 -131293701 -230694975 1953952585 1283343619 1174865602 470725021 -938986282 -102986399 -1015477072 1152522605 -1473376860 -1174920711 -1220293700 184951705 -89316182 -1826720520 484381533 -838104991 -565887234 -27195567 -367298578 -1396707944 -162762804 941097072 814304860 -561364891 1298031395 -1769990182 -1240832453 
524912484 -1400951953 -1013240939 1466877828 1120682140 799546370 413429052 -1977274484 -1938466041 1771491272 1987212632 -2026413509 -1840047732 964509848 -718133362 427535045 -1763648400 1602609132 2133798039 3147655 1260223001 -38668428 -584813984 1595081496 730877261 -608895675 957725233 -1371765575 -917944861 -1534970276 -215219785 -1167082973 -1634704313 -131244015 1974151827 1106444764 490479143 -190773667 -1416427695 -1632532584 1492305805 408196837 1732492332 -1278631968 481903299 428769637 -1374404457 761857874 1599732230 1941097387 
1423456195 1485221058 1319690882 924940694 -1878320132 -1369409502 1194495658 1394070031 1194338957 887055791 1423898261 1888719915 -2061177814 317542964 -1299971127 1889962808 1629578792 -442596218 -123885499 -1904734558 916527661 1577858371 1655694774 1646507563 -1658409509 628223514 -1300147645 829339293 991913524 -337576312 -685285350 1229261586 1256077250 1407701863 941118432 -1661824004 816632413 -1800178291 1117096330 599338897 1032910267 -1486299168 -937707041 293584031 -341363434 -1658533651 565001054 426585613 -553468289 1927438096 
-544494456 657755717 1539417693 164430492 -2134612089 -2061598321 597637184 1475909589 177374881 -1664621833 -153901605 267562813 -152324562 -579422366 1599713109 1694350861 869612481 -1078899557 -97622302 2044844103 831285314 503457698 1389117158 899903488 -1762761371 917501332 2129516823 -647862961 369977043 408679781 -1826687931 -177206404 213431761 1903748598 -717835606 -1617991349 -1988104822 146251807 1149970919 -34303624 272607291 1435379721 -2047701835 -1210841480 -1792607517 1556444524 784001379 -134814766 -1225010884 1874202915 
-7918295 193235360 412530626 -15183681 662208247 1994904426 -15056341 1287414686 -163993597 -2073215662 386273176 256212729 51842862 -748751381 -1104689694 1802280969 543875829 -442067053 -252925450 1579657586 -208109829 -240656423 -736708812 779272325 2028847631 1866375096 1290475047 -796469490 -388442640 -495771078 -1418335938 1514967630 -184557428 757444702 -15562403 1137608532 -469375573 628617072 -253592247 -350555749 -1142298585 620212348 2105211853 -375735889 1962870355 1357932079 32553906 -522621618 -288140954 1752519984 
-1530766442 -604022767 -634330261 -1313837157 452948472 1163213337 -100711521 -817956609 -907043898 1961612534 -672078121 -62075552 -155349662 1831830747 -121174945 107310294 -481418613 -1765770312 -407299808 773117876 -1249451226 -603963280 -321976808 -1760141074 1267104063 -68376689 1083452037 -926656865 -758377420 -1303482169 858178531 -890760746 -642336683 98584748 -745796108 896900458 -1861536995 729821425 -1043744058 -354237129 -1079352622 855016113 -1999817971 -475801570 1590494274 1285706551 -1025337682 -1670493139 -2086949179 -1489635360 
-755222127 -1877156758 -281025786 -1408241376 -668980170 1488258333 -509504157 -231989877 42655802 1017984239 2133749050 -666599814 -684733487 -567231825 674950967 286969999 -536792400 -1465645951 -1612946593 1001335789 -641635468 -761847282 -581958565 -1128494672 1623922170 -129430634 -1820798993 -462217831 -764134335 -1571446637 473192448 -361293021 -1821456697 -137694088 -585652294 976779492 -1928569353 83884582 923145674 -1139754686 2090983312 -170160823 1507650440 -1921673159 1675104400 1667330239 -417082366 -1012707860 -1366130832 198199159 
-1922129963 1802911419 1733394295 -1662255316 -91265505 -757220036 -1675346412 -1163263506 1855314814 882176128 -2137807653 -1746866549 -1302383103 1482989442 -1051001358 -229078043 -322383492 1568571900 -1578952104 -1010196401 1562668745 -1547887331 -658647486 -1608180743 -368363375 -1074124548 743845357 1878565021 -2128818284 -1984292928 286736491 -1587744816 -1651875720 -782368049 -2125496037 -331168635 1983376604 -488884687 -1019009107 -1749057903 -1584393544 449490746 -2093776573 -1157544614 1126385813 -634361910 -1120991656 -2106409104 1809093759 2042825032 
-805352511 357340959 -813119997 -341767493 1111989289 1804048785 299169619 -537462527 595093961 -865433181 -46873153 763144937 440346261 -1304833871 1310278837 454611998 30213853 -1448521571 -1225641492 1665671106 653187108 783056599 -227820303 -351903961 2120762948 211659053 -1578411989 16911418 -879110983 -381526716 965694091 -1105901215 -1020362922 -647465599 -886056552 1215456039 129049729 1123232719 793515551 340424813 671188529 1709141290 -657661434 -961111545 1702680205 1655560126 -712879229 -1972508763 -1373049609 268538859 
-328279014 -97534830 -36900770 69364294 -1929938902 1255340446 1086673900 464015652 52048268 -1087367119 1076952252 772901834 637691033 365009292 772855617 1568392951 553985780 -791887360 729127083 -1741150656 391881202 416023356 1305187875 638325411 -2141480605 -76430270 -1368973429 -788372718 1156052756 -268409726 -1783916245 -99448610 -139013608 1364670009 -118578394 2104893566 -887019776 1573772005 1626222295 371775173 -86944924 2125951735 -1483504285 -91166693 -966538938 1843966509 -197048829 73131364 -1405390317 429196042 
-1682321460 -1134429100 -1853043076 -1041364660 604084627 -184661276 -1621621464 -579888375 1757944523 1023921486 -1903279932 -477904278 -1429638821 -1201498547 -73054412 762846074 -675788504 1489071594 -949595510 634016365 -1401376604 185119916 185968280 1594749136 813654812 780751054 270945231 -1607757279 2040345352 -859459339 4162385 -1610351960 1678696566 -1556771653 -199737924 1063346227 1615920119 433075124 -10153790 -1346638033 -1257216230 -469805317 -1173105213 -283179157 100950442 -174973564 -315164698 -1383653659 -882512778 -565762442 
-220513323 -17448288 -44922042 -284583544 1007981072 -1895796536 -319154122 1101204666 294048760 -1306254130 -1658491265 417472847 467549083 215342744 -1572948476 1646698081 76206518 -562915367 798902108 790427906 -863350875 1152660457 253504234 -1320757415 1302875460 1984807009 -1923289257 229047714 -914412388 574977528 1834024881 865434496 -759667261 630001610 1274168484 1698474132 -1018085028 1829572457 1337914586 -354722455 -732838928 567344808 -1337322270 562545960 -1892499338 -1414923316 1332521174 -552828398 448005304 1091735862 
1927079838 1026617945 645011313 635924173 -1878980857 -1329231110 179817124 -1538292416 -38899885 111137252 146756317 2000188551 -1889550351 -359810863 -1629408165 -1394336721 -1392799850 1179180292 1136388455 -1385292082 711247435 1767510260 1801431881 448093801 -1054589846 2113263133 -572845622 301436742 1694573877 1291555717 -1047856359 1911576203 783625745 -1295069329 1198889146 -922917372 131547134 -1822448042 -1860108453 1596259498 1448273547 -319550937 -172333998 2077965250 -63712703 -1146591284 2081825201 445080725 1042867114 -2082109714 
-609000700 -497271006 -425654402 2007760569 616286399 1645174996 392280942 204787125 -736670147 -1436679428 -237415429 -728668194 433295910 -1520214621 1820938270 1494300297 -1093868784 -868138763 -1192073172 1872863352 767190275 336362517 -932687998 31462485 1525963731 -763811861 -1239116362 -745057589 536225393 -229099997 1443819498 18430320 -499549987 218221176 -908918736 1579221447 -100047938 -302196327 264597983 -313428409 -386165904 2108383841 2131582932 -571300882 1878857835 -209946385 -213789238 -1365228960 -1548574106 -617767062 
-329913175 1748227221 1989167631 874687788 -1083034691 -1585028470 988244051 -2050991906 -46096161 332427100 1915554292 929991750 135166758 -310679410 -2051404828 -1740716572 489784952 -1223481600 -2124456881 -488769517 -301802573 -1801021526 1410018566 493154214 -2022969942 1593216431 -1001718038 1070690855 1525951262 1082397855 1247828211 1508589801 1577403655 -1348936575 69545516 -489391044 -246071832 1950834706 1233593797 404174734 1166217204 2128808446 -791515046 890088986 -1980329372 -2007165013 664241286 -167823565 368402102 -1565707826 
-302124806 1143684214 288434905 1032955154 -2111075465 -2008053135 348118399 1219957624 -1097679323 -1676222743 -250329489 834691846 927136303 -1199828937 1576161809 1359155464 1201255283 -596204600 312697102 1914195010 -995161715 47086884 865543552 -602337594 -1913219442 311945348 -1730029444 -163213760 -1446434467 977307319 1287065185 887372496 489694724 1504150005 40977103 -1650529330 -116886041 1658923265 1503911810 -111941690 -924529419 601858299 151384685 456296963 1174699930 -2105914846 1156673133 -1997362360 -197253042 410917494 
-875081479 -227404357 -231088473 -420176850 2123897452 -1186218187 585985325 1875322972 -528787096 -1887476339 302061435 390549540 1079319156 -225468264 1902128676 1382920246 427632018 -857493264 -431051682 -1989284560 868595108 307075136 133679874 -35651936 1231455826 666952963 -1610144671 -1301599078 948078793 454706290 1721825401 495642275 263215543 907847435 -651872005 2085370434 -1094065391 524950889 964229290 -133888545 730218736 2019921591 -1780134969 -38847767 1902976180 1634368167 252253936 -270583660 -1291609778 706466354 
635062101 2044690471 1894536377 -42496127 1952205803 -867569576 1622299622 -2091915852 1129878857 139466376 87549579 1122830535 1888874852 -1152808326 -989161018 -1208721242 1058921965 -991188480 73759385 -1733667465 257049562 -2112388386 1418154461 -662109477 -1005939460 -1695044508 -703914422 1769496163 959518055 75741633 -2130502386 1117974423 1174710195 1503366095 1858742943 -1027589623 -764887380 -1662687267 884749193 1579968271 1129365808 -1313922755 -1081131559 1505178776 -852428411 -649758101 1982037076 -274932576 80348331 825499938 
867338367 -1894387197 -1887657738 1515772952 -1081447670 224235517 -2022603746 2112534928 281197531 -806646537 1919183915 1439909511 1189128867 15237129 -983650828 -666249402 1307746096 609673250 819391869 -2048676353 922774304 1615698688 891946842 790083536 -1088501592 -2064234860 631317285 1775820515 1839156842 1490150101 -2040583940 -2011100137 1121883646 -1968512418 1652888737 -1023209320 386585111 1366029020 1477925124 1102255298 679253227 2116927292 32125581 1189793331 1569529323 -1144611572 1654058376 738339632 -95088914 1339683622 
1987309430 -1332738529 -641317358 652068947 -1105985102 150882442 -1204371364 -1006230959 1210317386 2000710255 1778934102 2119755067 -1708848556 997542593 -389149354 -648705162 1703217845 440208295 2010819952 137488917 1099929052 -1996616915 -1679391441 1818894695 -1496642876 1819633599 -40152025 -1931162691 -1676453112 -1978720251 -203342822 -1871975770 -2110853856 -957729620 1961717459 -205287741 1512372383 -1977404749 -1571696441 1599434545 857853832 -945409391 -849557679 -2040207035 -216662095 -349222237 1760237597 913351142 2068834183 -1225178162 
698743475 709131261 -53726803 -285063752 -1973438725 1978799720 710979617 631980866 -335318188 -831013866 770842223 803967766 1097843932 -1903553840 1687304149 1803043436 1616022475 -491660510 -63806031 -1575679980 815364875 345444795 -13611940 -151666176 -1364972098 511899228 -1597483886 -551902603 463763316 225356407 -2122005571 683180775 -41027147 585467561 144540992 1529216197 -1609054038 1734350031 1553776715 1922261659 -79740149 -2077176518 -174624182 924368139 -1988092727 -1119996019 257047724 -1868562333 -468581596 1092980444 
430612148 1528782106 2050928318 -339945985 -971820443 -758888073 1422693187 -1953706593 -113746786 -205520765 1849038903 1006738086 1625285903 -1249558384 -1329564989 -1600382198 183255403 -639258865 -138898216 -881041206 926673784 1682783316 418138378 -598419853 -1903522452 1357188257 -1049422129 456650536 1489707054 1114827164 1677978083 680423100 1095291401 -1697983224 432213891 -993162667 -383300585 1336352800 507125296 324370145 1649630956 -972658812 -1279582817 664072755 -1910747132 1932409056 1097412786 -363527064 -209231912 1320922048 
310706482 946590406 1602423212 1494972057 -519425245 -426889083 1483324857 -1421109663 -6974513 1084750718 1826681104 1319540222 1104408030 -549274120 -859156997 -1716661210 1195717091 871358680 -2017483243 -245348898 660428295 -1201358069 1683995645 373236392 -37835882 1903616772 -905393979 1396501425 1340934849 -2104428192 -1903140498 1164696248 753092410 -1408572493 840772045 -78995690 584815523 2064911936 -943537931 1916790665 1528592815 279505990 452832000 1891547416 -123420135 -211955563 -1931871808 1190511182 329014801 2044660561 
-1804539015 -541923258 -412967798 -1059854143 700368456 1580961440 651081731 298337681 919537955 1334476865 13318267 232414578 -722313678 -135037632 1072678219 928557257 -477399197 2093899332 -431368154 -1565162235 -514917733 111593731 39604911 -893834569 1639086260 366527371 -1310025917 -174225574 -285422868 -1295249360 1171682894 -165211557 51733765 -545929467 -78574266 -1757717335 -1074249956 1002276107 126504406 292215440 -920666324 25292915 -1957215160 -1044228235 855067798 1165687540 76489174 -1392694821 1970336760 246165303 
-57968060 1338916881 1370512242 -242594923 1126071695 1667697143 370587327 1199477266 -225413966 2145901380 -44750573 391227084 271214275 -1594164509 -1763627020 2131336502 -1503850873 -1610210849 -1986899649 -171618394 -894640265 -606633190 438461437 180893145 1487908372 1132141795 -1699108080 -236296613 127912428 -851152447 1465978490 -81131774 -1357307782 946209893 1191650818 1317024075 -1543797835 675844312 -178364192 -467704894 -1171821700 -148662873 -1185727209 -1125886526 1190256067 247829257 -626745305 1782023113 -1319428820 759327891 
291838618 327409058 1759251320 415421982 1048383430 -325812381 -1845640054 1718866713 699164234 199115300 649887656 954500689 1030802179 -218005007 1977878078 -1786731993 -398065272 99712944 -84840829 1900270156 -396182356 1367073789 993314017 135744845 -2117044529 505335556 -796686664 1014651177 1362525237 627495315 1617601543 118011191 -267995240 2023272081 457730021 -1761466873 -378528580 1544163242 1365771086 561370370 -697952159 -1746069158 -1489865665 739635162 -1218901620 -637581972 1463833822 -645235917 -285505376 -217128608 
-1128154953 847430597 470189172 650706130 2073764900 2089227225 955196357 1234596516 -1445823749 -498500841 786985919 -480591518 -98303548 -586040884 1621170531 1093900600 604448585 -685883755 360792216 1689200892 -636200342 345164841 337879945 301120630 2086319762 448212384 -1629806138 -379523177 416126173 530041490 991633916 286486711 592101018 1771383739 -985122017 -2059152968 508234282 623114772 362907370 -198833067 265031740 1677599001 -534740780 35510870 -1969200476 1165116587 -93774162 -984108600 -1228687804 82969149 
-527239062 887999145 103253668 1374949183 1237701514 1564034459 712796314 1291732592 -160127781 -664852888 1491212658 1630599694 594471537 -1559469356 1850707050 1471124734 432928676 341099140 960471759 2134383045 -446104611 1309803345 336002406 -465528457 -1826309803 843964460 -538598435 -626470096 -469535298 928472955 1410175794 466910529 -102888502 -1339626299 -539589295 1426078601 -173132600 2095018995 1026837672 960544473 -320285861 1846215198 -216099277 1262106414 -813050997 -714155288 64410989 -1628967858 -543395549 577585337 
-1023458477 -687308314 -1008884836 -1007897934 1138057492 1111790362 -481956166 528602796 -304879727 -2009997681 -601126906 53569486 -307244280 -1017818978 1076969904 1941347981 -343542263 -284196158 -1547756135 142349034 -634168878 264799225 508846935 -1702089096 1416582039 380242750 -1352252659 -1541080302 -619818726 192602584 832370681 -668760856 -1254200441 142244889 -293985564 1370585271 1800505724 1492038629 -373472012 899158788 -863516452 1345577220 1995181507 744712930 1295164107 1329446164 964435977 -1358406047 -528236907 -1127996477 
-2003416068 789527529 897396857 -382030113 599997299 1342308262 1105066217 1595746753 369460557 -1814278162 227730485 41753550 -1595327592 -516320354 1832063657 1205863899 109289259 1841393193 104626288 1795914968 262614294 963352091 456279844 -135937910 2090986987 1922869304 -1725608932 -523428982 -37526061 -112403635 941296728 -933135968 -401623367 1287118116 -1177083787 2137438679 -1752480534 1413914616 -713204814 -93273211 6028251 376661775 -1307534302 -490175719 1696363645 1792908731 -593579996 -872632250 -555177399 824461915 
-785513530 650315805 1054750736 -706849410 1100584504 -1849300869 669910265 1607424549 -753021631 -1395947549 -66584891 -514149096 338247251 -2102442016 1330512640 1327548598 -644466912 2051194694 -865289477 1011726160 -1639652278 369521307 876781165 -1584058296 1368229994 335852732 2096582099 237456218 233099335 160989333 677660090 -1086631409 683408096 888057039 -635057011 1053846987 -1232294620 132302345 -10103548 -590281538 548885556 -1991117154 -2087914090 -46360835 -2053399492 1446370524 212174289 -2101519220 -1550006224 -2941439 
-1452081269 -1315602219 1711307417 1780290217 -1808937472 162763646 1007716834 -1360025765 1092245754 1280504602 1247377651 -2102898580 -1488146240 585426996 -1113373518 334256508 -1893508652 -2036455166 1697413569 2136862138 1204364960 1519842708 -1884078797 363996129 -45460372 -1102159122 733566399 1450975365 981875934 1875122555 -1852751190 -1702203053 1267734811 -295903864 -1927190578 509432878 1390343354 -1014804967 -1962427733 -1891616211 1535398915 -1031673062 567707276 -1369119961 -299562280 -909884342 -1715174144 -638911886 947608706 1749421967 
1355138930 1778584600 -1541776420 1012190327 -1319782122 954155045 -667853034 -989243814 -1425040519 120870371 2015526733 1430639160 -2043612077 1848956093 -987733521 -1147870005 1941279730 668370183 278123059 -102567496 2103800156 2011592393 -1492300750 429433960 -583303210 -1081653257 466549819 1610667223 -1606522721 718098165 23487809 1831372384 2042449545 -1301951102 887206966 425687000 9836499 -1186683315 -1386495567 1756217617 1181662001 -648772299 -791824756 1695326154 22737414 365522700 -1262257899 1171015446 746332787 -1634627162 
-802975078 488639083 766479712 136725587 -1771331319 -419607387 1614963008 -2077067142 1444470255 -1338608097 97039419 482555723 312187104 -113059137 -1995620198 1556700819 992813874 -785558723 226923792 -1919568731 -398021263 1332158854 1344411169 1228556432 -2052430032 1811564280 -837522259 1158417629 -89005452 197165096 -1382093869 -46221750 -190496261 995766847 928219152 -1600845222 -843586093 815528629 1482430771 510234054 -137979 -1531884595 -1492971336 -107709352 -749521170 -1997365209 1331975775 287766709 -151370560 -1970094832 
952313135 2039518485 1788205316 394622392 -1225050889 1259559038 1619688092 -1631414489 -1290014121 848489743 -2143716275 -1055531247 -1910672575 728531517 -1110272361 -1211435295 1928746510 1787830664 785692257 -253771413 1850970584 -791054755 1983870127 368375889 -235566079 1667979815 799912571 1585536849 -1811581709 1920133071 -1310041097 1402457562 -1927022934 -1554166880 1765486753 -74936740 -52534296 -1621392156 2134860272 -1686739491 -1588500541 -171630417 -257260565 1522026339 62367987 -240871266 2043330069 28047608 -394429279 2096427251 
-931558191 925509434 1020200562 340944567 -2098580504 -2073797795 879089290 -2093733784 -450478585 -627489783 106950063 1286193757 562081434 -289475968 -1031200856 1404650746 1079599085 -1133596249 1824189002 -392183471 -508001232 1668342455 1655176110 -743774327 -1801986764 1682567373 2019456447 686279376 812925650 947184150 1965318757 1157807551 1068981915 2001452407 752832488 -1362340784 341530739 1698588896 1628983452 734085769 412541171 -2091520280 247971694 1053959879 -1776442745 -1634748652 1151237403 144902846 -967270833 1145365107 
-1190097011 -585574234 -966325424 -1831006936 332095635 1839061927 1044276332 456959385 -562410493 -869858951 177097483 -24376673 -18980903 -894830242 539210400 870985049 -856651644 -927135697 -202808016 1049957661 381424229 1096274650 -1589530529 -651223996 638970358 555346348 -1313239152 -816002686 -348494154 126356795 1891544053 -816692151 -1372083544 -558138913 -1173071883 2017154158 -971702971 1084779038 71095247 -1215495558 -77320273 708128056 -1227819867 -249394055 -1988914040 1062954727 -588512568 -2072042319 174517311 -314134298 
2100569696 -1010019758 -895766247 -1565397533 -855608014 -617041743 -1190103625 -1474673516 435928272 1115176850 -1417720151 -1594473546 -2015820456 1500506969 266478793 96889937 1821175720 585640734 1936225229 -1367096382 1807413701 -1355699562 1975813162 2098786850 -572175637 -1674899922 -561970699 1744633802 1554973662 -1443330635 -693181036 -1781891009 -2114953459 -1714970955 1903608188 -1456987666 -1730323059 -514950700 -1755242666 1985037553 1073008475 -1557307155 1956781389 -1755597471 -1285261943 -125756618 1488051015 205501130 1965461825 -1949775260 
926674461 1657769628 -2012438167 612771003 1846977785 437895157 -1859619940 -1741581142 -2054927850 1948109636 -1542700539 -1529175049 2062178124 825106506 -1475357600 -1067487003 1131995102 109727550 1290532035 -954558086 1447886424 -2077059328 -1785915429 1146414741 -639005325 -1906820008 -183992503 1543690141 -1932783960 747162862 -1321598115 969181437 1919296502 1870341293 960600403 -1692295343 -74162191 -1571235510 1452534035 1626403084 2061845923 -1257686918 -574992130 1342671833 -291945702 242939581 160815455 -431304876 -302247761 1198845404 
1435449871 1553991540 1565594611 975300204 -1133939795 -765891383 2042554558 -1648134200 636095420 -314535239 1413780641 1790136504 -1101752794 680577357 -1338526183 -1250176894 1283160579 413301519 1163135080 1135927983 744508383 -1765828059 1025721045 751200594 -930964109 -917468475 -348946796 560507685 1425918587 1698011016 -1739661968 1932060697 1054956067 -1045112175 901485022 -869401773 -699683324 366947789 1511542419 1388400142 1181788895 -1118392655 624593305 -864273053 488309432 99689266 1645737040 128772227 1952563275 1124872995 
-51954916 1667713338 1044905853 1466521450 1669404634 -930976201 1422683072 1484833015 516897487 -347422934 304984188 -192610001 1259735206 473721051 -1734964192 1142988182 54709631 -1530919449 -696350469 1710933389 -944521441 1538105985 1541552779 -763592629 -1708893237 -1950914299 -1752796839 1652130309 41419324 -635208504 2120248071 1574411320 1311713558 806932834 -282070531 -1732829331 912751116 -1828030907 732893437 -538408853 1407528485 -1769209503 -484029092 686391661 -1636255143 2027564433 1168899990 -1477238413 -110017996 1705608940 
